Date12[DDMMYYYYhhmm],JulianDayFromYear0[days],TimeFromStart[days],Simulation_Period,Run,Prain_below_canopy[mm],Psnow_below_canopy[mm],Prain_above_canopy[mm],Prain_above_canopy[mm],Pnet[mm],Tair[C],Tsurface[C],Tvegetation[C],Evap_surface[mm],Transpiration_canopy[mm],LE[W/m2],H[W/m2],SW[W/m2],LW[W/m2],LEv[W/m2],Hv[W/m2],SWv[W/m2],LWv[W/m2],SWin[W/m2],LWin[W/m2],Mass_balance_error[mm],Mean_Time_Step[s]
02/03/2012 00:00,734930.000000,1.000000,0.000000,0.000000,0.000000,0.000000,0.000000,0.000000,0.000000,9.142116,4.684802,5.054160,0.111239,0.529704,3.192818,-3.706949,28.372571,-4.834102,15.095378,-1.059835,68.816361,-55.293134,122.925240,283.058705,0.000000,3600.000000
03/03/2012 00:00,734931.000000,2.000000,0.000000,0.000000,0.000000,0.000000,0.000000,0.000000,0.000000,8.729615,5.852857,5.252538,0.167383,0.526578,4.795612,-1.895860,29.007628,-10.050985,16.005039,-1.276806,70.385096,-55.602929,125.574265,278.510425,0.000000,3600.000000
04/03/2012 00:00,734932.000000,3.000000,0.000000,0.000000,0.572410,0.000247,0.679846,0.016252,0.657694,8.492117,6.415829,5.828142,0.227251,0.527070,6.500369,-1.312205,29.094120,-10.111356,14.974000,-1.008549,69.870904,-55.760325,125.017499,280.917572,0.000000,3600.000000
05/03/2012 00:00,734933.000000,4.000000,0.000000,0.000000,10.895199,0.556688,10.943030,0.890661,12.968173,5.862951,5.095615,5.080840,-0.002711,0.002862,-0.284469,-0.097371,6.695499,-2.748175,0.881129,-0.556914,19.213914,-16.909368,33.336559,320.776124,0.000000,3600.000000
06/03/2012 00:00,734934.000000,5.000000,0.000000,0.000000,6.126682,1.962079,6.266326,4.001063,7.272222,3.800451,4.297355,4.331857,0.039200,0.040773,1.212241,1.411354,9.168033,-3.874415,5.118699,1.424326,25.313711,-18.216416,44.274442,314.554879,0.000000,3600.000000
07/03/2012 00:00,734935.000000,6.000000,0.000000,0.000000,0.343937,0.846012,0.284724,0.411374,2.595144,2.437950,1.655056,2.046145,0.057671,0.107097,1.100552,-1.037023,18.456890,-13.833720,8.969958,2.007540,42.901828,-27.865607,88.314584,284.298068,0.000001,3600.000000
08/03/2012 00:00,734936.000000,7.000000,0.000000,0.000000,0.000000,0.008477,0.000000,0.000000,0.993482,3.312950,2.650420,2.076507,0.226854,0.459651,6.405836,-0.058845,32.939255,-21.174987,17.136014,3.249057,71.677293,-51.048384,139.061577,256.635701,0.000000,3600.000000
09/03/2012 00:00,734937.000000,8.000000,0.000000,0.000000,0.000000,0.009360,0.000000,0.000000,0.701410,4.575449,3.028548,2.927139,0.447177,0.416675,15.230062,-7.968061,24.084625,-12.067185,15.734900,-3.294698,59.488125,-46.363598,107.762052,274.155723,0.000000,3600.000000
10/03/2012 00:00,734938.000000,9.000000,0.000000,0.000000,0.000000,0.000000,0.000000,0.000000,0.312839,5.454616,4.395824,3.542957,0.422213,0.743404,13.177406,-0.114924,34.815479,-14.556078,22.269292,0.809103,80.921640,-58.632057,145.755650,262.881078,0.000000,3600.000000
11/03/2012 00:00,734939.000000,10.000000,0.000000,0.000000,0.000000,0.000000,0.000000,0.000000,0.099338,2.771283,3.726464,1.841550,0.371708,0.694635,11.197534,3.456104,34.994245,-18.846916,19.757066,3.559491,81.472307,-58.895797,146.874619,249.984387,0.000000,3485.156250
12/03/2012 00:00,734940.000000,11.000000,0.000000,0.000000,0.000000,0.000000,0.000000,0.000000,0.126645,6.458784,4.926944,4.323169,0.469637,0.753899,13.935797,-3.934871,34.613349,-12.013879,21.536080,-3.339433,80.572563,-62.519821,145.259610,265.110287,0.000000,3464.355469
13/03/2012 00:00,734941.000000,12.000000,0.000000,0.000000,0.000000,0.000000,0.000000,0.000000,0.111276,10.800451,6.737051,7.030555,0.891015,0.814514,25.862884,-16.511599,32.357777,-6.874030,23.267017,-9.607406,77.263486,-63.730040,138.837811,281.671805,0.000000,3600.000000
14/03/2012 00:00,734942.000000,13.000000,0.000000,0.000000,0.000000,0.000000,0.000000,0.000000,0.008620,8.646284,7.041103,5.880964,0.553734,0.829815,15.868744,-2.870608,36.560180,-13.987915,23.341034,0.276222,83.723446,-60.559509,151.500004,272.418239,0.000000,3600.000000
15/03/2012 00:00,734943.000000,14.000000,0.000000,0.000000,0.000000,0.000000,0.000000,0.000000,0.001886,8.387950,7.442206,6.141380,0.403992,0.696587,11.567825,-0.108144,38.278818,-15.031165,20.929435,-0.051328,87.426156,-65.683343,158.101321,268.604086,0.000000,3600.000000
16/03/2012 00:00,734944.000000,15.000000,0.000000,0.000000,0.000000,0.000000,0.000000,0.000000,0.000236,8.904618,7.824725,6.313209,0.485659,0.760679,13.886660,-1.036130,38.933147,-15.875915,21.811558,2.125419,87.961392,-63.159556,159.583081,271.026507,0.000000,3600.000000
17/03/2012 00:00,734945.000000,16.000000,0.000000,0.000000,0.000000,0.000000,0.000000,0.000000,0.000180,8.337952,7.776679,6.414221,0.434789,0.739960,12.435387,0.848560,36.485282,-15.148218,20.753069,0.670924,83.015368,-61.527068,150.549509,273.239235,0.000000,3600.000000
18/03/2012 00:00,734946.000000,17.000000,0.000000,0.000000,0.000000,0.000000,0.000000,0.000000,0.000157,8.017118,7.667286,7.118764,0.464930,0.667316,13.320395,-0.709959,28.767406,-9.676301,20.194391,-0.028064,70.376848,-50.358201,126.200207,291.779327,0.000000,3600.000000
19/03/2012 00:00,734947.000000,18.000000,0.000000,0.000000,1.829668,0.002662,2.024183,0.064125,2.100250,5.196285,6.344684,5.926562,0.271770,0.367997,7.835149,2.875407,17.630024,-6.427960,9.895389,4.164614,44.228320,-30.447734,79.235783,307.981380,0.000000,3600.000000
20/03/2012 00:00,734948.000000,19.000000,0.000000,0.000000,2.907579,0.061500,3.216098,0.090361,3.413989,5.892117,6.225161,5.668011,0.104226,0.042810,3.008965,1.559762,11.984097,-5.724465,11.181996,0.107715,31.273066,-19.140809,55.551953,318.519296,0.000000,3600.000000
21/03/2012 00:00,734949.000000,20.000000,0.000000,0.000000,0.000001,0.028607,0.000000,0.000000,0.033517,6.008784,7.168160,5.731526,0.453136,0.704601,13.099100,3.591254,41.616741,-15.537077,27.021232,6.578157,92.856773,-59.197368,168.649963,271.462680,0.000000,3600.000000
22/03/2012 00:00,734950.000000,21.000000,0.000000,0.000000,0.000000,0.000579,0.000000,0.000000,0.000823,7.496283,7.604424,6.109975,0.270690,0.744685,7.762773,0.975257,34.158982,-15.258414,22.930543,1.943447,82.071702,-57.552546,147.182183,275.738346,0.000000,3600.000000
23/03/2012 00:00,734951.000000,22.000000,0.000000,0.000000,0.000000,0.000000,0.000000,0.000000,0.000000,9.104617,8.878092,7.852900,0.464213,0.784136,13.245109,1.287690,41.502308,-14.050214,23.780398,1.140973,92.398376,-67.015047,168.119538,276.432728,0.000000,3600.000000
24/03/2012 00:00,734952.000000,23.000000,0.000000,0.000000,0.000000,0.000000,0.000000,0.000000,0.000000,9.325450,9.038880,7.903673,0.423713,0.758160,12.100831,1.308138,36.917160,-14.184642,22.620751,0.019587,84.742954,-62.151255,153.533697,280.790397,0.000000,3600.000000
25/03/2012 00:00,734953.000000,24.000000,0.000000,0.000000,0.732541,0.000000,0.870033,0.000096,0.841891,7.821285,8.684900,7.799007,0.329834,0.654792,9.435934,1.951643,27.988449,-10.686885,18.493870,2.497027,66.077489,-45.782794,119.409818,299.223247,0.000000,3600.000000
26/03/2012 00:00,734954.000000,25.000000,0.000000,0.000000,0.000003,0.000000,0.000000,0.000000,0.000003,8.825451,9.381682,8.113790,0.418764,0.702229,11.949211,2.667554,39.330882,-14.950985,25.458623,2.637730,88.915357,-60.876083,161.702055,282.218195,0.000000,3600.000000
27/03/2012 00:00,734955.000000,26.000000,0.000000,0.000000,0.000000,0.000000,0.000000,0.000000,0.000000,9.950451,9.590477,8.141325,0.720954,0.859694,20.534139,-0.818830,45.915777,-16.464404,25.010310,4.224328,99.519719,-69.412774,182.289971,273.408067,0.000000,3600.000000
28/03/2012 00:00,734956.000000,27.000000,0.000000,0.000000,0.000000,0.000000,0.000000,0.000000,0.000000,10.683785,9.742570,8.454943,0.779159,0.893131,22.207431,-2.203076,44.485898,-15.716194,25.713324,2.091173,97.538598,-69.090355,178.335711,275.695584,0.000000,3600.000000
29/03/2012 00:00,734957.000000,28.000000,0.000000,0.000000,0.000000,0.000000,0.000000,0.000000,0.000000,12.229619,11.060182,10.269572,0.724055,0.677310,20.568158,-1.959734,47.333904,-13.224026,19.225458,5.575399,101.875763,-76.681860,186.983678,281.206008,0.000000,3600.000000
30/03/2012 00:00,734958.000000,29.000000,0.000000,0.000000,0.000000,0.000000,0.000000,0.000000,0.000000,12.408785,10.811016,9.998751,1.159261,0.823771,33.029155,-9.184110,44.821965,-13.340880,23.866918,0.511718,96.993839,-71.846777,177.902718,282.969372,0.000000,3600.000000
31/03/2012 00:00,734959.000000,30.000000,0.000000,0.000000,0.000000,0.000000,0.000000,0.000000,0.000000,12.862952,11.103619,10.343504,1.082536,0.882855,30.823018,-8.688165,45.334211,-12.707869,25.078313,4.522843,99.903943,-69.719601,182.551187,287.779746,0.000000,3600.000000
01/04/2012 00:00,734960.000000,31.000000,0.000000,0.000000,0.000000,0.000000,0.000000,0.000000,0.000000,12.083785,11.057092,10.352765,1.182217,0.785718,33.657173,-6.201648,48.753740,-13.445088,22.387304,3.098805,104.087438,-78.322424,191.433210,278.505644,0.000000,3600.000000
02/04/2012 00:00,734961.000000,32.000000,0.000000,0.000000,0.000000,0.000000,0.000000,0.000000,0.000000,9.821284,10.247485,8.913254,0.908545,0.914584,25.881210,3.877329,48.129893,-16.450810,25.919263,5.377781,102.537920,-70.706645,188.789407,274.817408,0.000000,3600.000000
03/04/2012 00:00,734962.000000,33.000000,0.000000,0.000000,0.000000,0.000000,0.000000,0.000000,0.000000,9.042117,10.002843,9.042941,0.765197,0.909058,21.828445,4.658022,44.900652,-14.097144,26.098645,4.466887,96.694417,-66.169935,177.882023,281.915960,0.000000,3600.000000
04/04/2012 00:00,734963.000000,34.000000,0.000000,0.000000,0.000000,0.000000,0.000000,0.000000,0.000000,8.671284,9.615825,8.852397,0.540117,0.767039,15.431560,2.211634,35.482752,-11.267528,22.446867,4.569240,81.669919,-54.647738,148.374753,295.504392,0.000000,3600.000000
05/04/2012 00:00,734964.000000,35.000000,0.000000,0.000000,12.197073,0.020422,12.422113,0.107677,14.019732,9.387950,10.165104,9.997801,0.255874,0.480871,7.329723,1.097564,19.453176,-5.346114,13.604311,4.639500,49.724753,-32.224131,88.893097,328.006445,0.000000,3600.000000
06/04/2012 00:00,734965.000000,36.000000,0.000000,0.000000,24.088421,1.668129,24.107618,2.344087,28.968365,6.117117,7.155415,6.549650,0.112821,0.021882,2.903915,3.773367,8.969552,-6.800946,4.492367,0.389452,23.012247,-15.780656,42.916105,324.761181,0.000001,3600.000000
07/04/2012 00:00,734966.000000,37.000000,0.000000,0.000000,0.009735,0.014084,0.000000,0.000000,1.130418,9.837951,10.345339,10.172637,0.383310,0.774186,10.272559,0.707770,43.660954,-9.702948,28.419438,7.729422,92.662072,-55.681799,173.276687,304.065053,0.000000,3600.000000
08/04/2012 00:00,734967.000000,38.000000,0.000000,0.000000,0.878382,0.000104,1.042867,0.001287,1.123678,8.475449,10.246535,9.542702,0.341201,0.529795,9.646125,4.573008,30.128421,-9.465926,22.687120,6.597918,68.896327,-39.172577,125.414654,315.300899,0.000000,3600.000000
09/04/2012 00:00,734968.000000,39.000000,0.000000,0.000000,0.000000,0.000000,0.000000,0.000000,0.000409,5.471284,7.917640,6.975290,1.430285,1.063001,41.012179,6.737633,48.377839,-13.575980,36.938082,7.036751,103.585892,-60.080086,190.830533,275.848617,0.000000,3600.000000
10/04/2012 00:00,734969.000000,40.000000,0.000000,0.000000,0.000000,0.000000,0.000000,0.000000,0.000000,2.904618,6.339627,4.741661,0.811901,1.149961,23.524023,12.272383,52.065491,-17.755984,32.623197,8.902053,110.809163,-69.944356,204.304500,253.598701,0.000000,3600.000000
11/04/2012 00:00,734970.000000,41.000000,0.000000,0.000000,0.000000,0.000000,0.000000,0.000000,0.000000,5.933784,7.938292,7.062852,0.763715,1.084614,21.860208,6.699138,47.759816,-13.079416,31.113282,8.304409,101.372055,-61.957626,187.215021,277.114670,0.000000,3600.000000
12/04/2012 00:00,734971.000000,42.000000,0.000000,0.000000,18.854241,14.574783,18.930092,18.659173,23.172471,0.933784,2.058603,1.818453,0.091177,0.001097,2.928739,4.658012,5.781610,-8.384848,2.411868,-0.915825,13.379658,-7.714844,28.242291,305.819909,0.000000,3600.000000
13/04/2012 00:00,734972.000000,43.000000,0.000000,0.000000,0.029973,0.426316,0.000000,0.000000,10.470820,4.837951,0.765183,3.020881,0.162392,0.396871,3.039166,-6.383578,47.946442,-15.421318,18.389867,4.373290,61.575626,-36.501947,199.295445,277.011788,0.000000,3600.000000
14/04/2012 00:00,734973.000000,44.000000,0.000000,0.000000,1.890972,0.308208,2.113064,0.323271,6.957896,6.717118,5.209568,6.056278,0.189148,0.499754,3.351389,-2.499876,33.080311,-8.424070,17.017904,5.730509,57.614440,-34.462185,137.675803,303.752177,0.000000,3600.000000
15/04/2012 00:00,734974.000000,45.000000,0.000000,0.000000,1.032267,0.041541,1.171294,0.046878,3.275701,6.383784,6.080349,6.360023,0.078555,0.175748,0.917004,-0.655685,16.897723,-5.266797,8.461938,3.273021,36.670306,-24.921359,75.363000,317.362928,0.000000,3600.000000
16/04/2012 00:00,734975.000000,46.000000,0.000000,0.000000,9.478478,0.520663,9.748876,0.692577,11.843422,5.804617,6.200930,6.314665,0.049456,0.015640,0.655552,0.906331,12.308916,-3.583239,7.194371,2.796351,28.783766,-18.240510,55.403819,325.219774,0.000000,3600.000000
17/04/2012 00:00,734976.000000,47.000000,0.000000,0.000000,2.139875,0.354593,2.119889,0.316453,3.996476,7.896284,7.269102,7.715435,0.593927,0.505770,17.203003,-6.259444,28.649097,-4.519701,24.073793,3.846945,66.470384,-36.584271,126.213266,313.321116,0.000000,3600.000000
18/04/2012 00:00,734977.000000,48.000000,0.000000,0.000000,0.000000,0.000000,0.000000,0.000000,0.579436,7.475450,8.235952,7.882857,0.904848,1.192186,25.931895,2.320763,57.016307,-13.013667,35.316816,7.676558,112.874785,-69.942954,213.702976,274.529498,0.000000,3600.000000
19/04/2012 00:00,734978.000000,49.000000,0.000000,0.000000,10.067795,0.972571,10.375487,2.328249,11.700598,6.554618,7.973906,7.581501,0.526241,0.714787,15.109077,3.421992,31.855817,-9.207427,23.483438,7.007462,78.079951,-46.825710,140.313319,297.598613,0.000000,3600.000000
20/04/2012 00:00,734979.000000,50.000000,0.000000,0.000000,4.476876,0.858071,4.577829,0.816925,7.742848,5.687950,6.881639,7.106909,0.389291,0.604267,10.706913,2.530592,36.409181,-9.700372,24.163563,8.266996,85.939095,-49.248421,158.828115,294.192225,0.000000,3600.000000
21/04/2012 00:00,734980.000000,51.000000,0.000000,0.000000,1.165264,0.207415,1.310606,0.255612,1.812448,6.750451,8.191789,7.684934,0.405119,0.628287,11.462947,2.962435,35.933696,-9.905986,25.917911,8.217490,85.504196,-49.224177,154.036563,296.137348,0.000000,3600.000000
22/04/2012 00:00,734981.000000,52.000000,0.000000,0.000000,0.000144,0.132296,0.000000,0.000000,0.197330,8.179617,9.396743,9.053636,0.757939,1.004727,22.037049,3.103236,54.605122,-11.122057,37.790322,7.329916,116.217011,-68.690968,213.500686,283.536430,0.000000,3600.000000
23/04/2012 00:00,734982.000000,53.000000,0.000000,0.000000,9.833567,2.010851,10.033481,3.366416,13.702807,5.121285,6.773882,6.122192,0.279792,0.236485,7.635726,5.872396,26.972150,-12.281747,16.999896,5.400393,62.046711,-33.792580,117.858442,301.016612,0.000001,3600.000000
24/04/2012 00:00,734983.000000,54.000000,0.000000,0.000000,3.193447,0.900491,3.350429,1.174204,4.592697,3.108784,4.864582,4.411459,0.139257,0.046700,3.972650,5.040189,15.025117,-8.265597,8.886993,3.259129,38.311725,-22.074944,71.369875,307.081608,0.000000,3600.000000
25/04/2012 00:00,734984.000000,55.000000,0.000000,0.000000,16.346689,9.114168,16.197859,11.994032,23.077738,3.071283,1.786994,2.786946,0.068043,0.028965,-0.605340,-0.223515,20.987045,-14.941200,5.986525,1.488901,34.413567,-19.172075,100.614356,291.958102,0.000001,3600.000000
26/04/2012 00:00,734985.000000,56.000000,0.000000,0.000000,0.000901,0.019605,0.000000,0.000000,6.162148,7.500451,4.035368,5.433850,0.329257,0.644391,7.353749,-6.349086,49.632095,-15.348711,26.087498,5.190576,81.872851,-49.137573,198.232433,280.078406,0.000000,3600.000000
27/04/2012 00:00,734986.000000,57.000000,0.000000,0.000000,0.000000,0.000000,0.000000,0.000000,2.872845,10.454617,9.092199,9.669389,0.696710,1.146214,18.842012,-3.473113,63.211022,-12.937791,34.351849,8.788889,116.198019,-72.817019,238.444428,282.211210,0.000000,3600.000000
28/04/2012 00:00,734987.000000,58.000000,0.000000,0.000000,0.000000,0.000000,0.000000,0.000000,1.049970,12.887950,12.499493,12.565639,0.625743,1.055089,17.009257,-2.806082,63.445994,-11.503391,32.153002,10.650348,126.779709,-80.975009,239.656786,292.619393,0.000000,3600.000000
29/04/2012 00:00,734988.000000,59.000000,0.000000,0.000000,0.000000,0.000000,0.000000,0.000000,0.084222,16.104617,14.938942,15.431703,1.147930,0.847019,32.389387,-6.051582,64.273387,-7.614652,28.992811,8.067617,126.923319,-86.566182,238.109577,304.617457,0.000000,3600.000000
30/04/2012 00:00,734989.000000,60.000000,0.000000,0.000000,0.000000,0.000000,0.000000,0.000000,0.006576,13.467117,13.267678,12.924313,0.462040,0.867479,13.171081,-2.954484,24.648021,-6.560227,25.424992,3.514918,63.415543,-34.712968,113.256144,339.845279,0.000000,3600.000000
01/05/2012 00:00,734990.000000,61.000000,0.000000,0.000000,12.626984,0.000000,12.877716,0.000000,14.509185,12.550451,13.584856,13.754890,0.583122,0.913266,16.597519,-0.919616,33.877063,-4.420981,26.951232,7.096583,76.037607,-41.967937,139.175823,339.815093,0.000001,3600.000000
02/05/2012 00:00,734991.000000,62.000000,0.000000,0.000000,5.641707,0.000002,5.915783,0.001052,6.480603,10.337950,11.975708,11.741399,0.148235,0.206349,4.238566,3.400095,15.565741,-4.838821,11.538560,4.123324,40.350387,-24.827207,71.975948,344.449122,0.000000,3600.000000
03/05/2012 00:00,734992.000000,63.000000,0.000000,0.000000,0.348074,0.000000,0.348051,0.000000,0.400048,13.004617,15.112944,14.884836,1.010376,1.023687,28.634235,2.879354,68.657072,-11.197456,34.166017,14.397766,130.139555,-78.096808,246.887473,305.350642,0.000000,3600.000000
04/05/2012 00:00,734993.000000,64.000000,0.000000,0.000000,4.471394,0.000000,4.698689,0.000000,5.135362,12.475451,14.869779,14.571673,1.167307,1.075742,33.118920,4.712064,64.789616,-11.836381,30.193385,11.269324,125.208311,-80.002017,236.631729,300.480782,0.000000,3600.000000
05/05/2012 00:00,734994.000000,65.000000,0.000000,0.000000,0.146526,0.000000,0.174026,0.000000,0.168397,12.017118,13.857283,13.402685,0.778575,1.039066,22.171641,4.893156,45.217825,-10.569426,33.737986,4.908509,99.573524,-59.662594,182.894887,314.384836,0.000000,3600.000000
06/05/2012 00:00,734995.000000,66.000000,0.000000,0.000000,2.198514,0.012422,2.401849,0.034464,2.538557,9.979618,12.358428,11.709650,0.612590,0.667006,17.546305,6.700906,33.067363,-9.439394,28.775022,6.879801,76.135103,-40.858468,138.697833,323.970078,0.000000,3600.000000
07/05/2012 00:00,734996.000000,67.000000,0.000000,0.000000,1.685613,0.006803,1.888327,0.025938,1.943148,9.967118,12.464617,11.791520,0.761483,0.881633,21.788441,6.361390,44.555694,-10.131168,31.113393,10.336253,89.734706,-46.291584,168.297611,319.248419,0.000000,3600.000000
08/05/2012 00:00,734997.000000,68.000000,0.000000,0.000000,0.146524,0.000000,0.174026,0.000000,0.168395,12.171283,13.750007,13.277356,1.144218,1.074568,32.511589,4.117336,64.767390,-12.622372,38.737247,6.681646,124.440758,-75.418421,235.317323,297.227312,0.000000,3600.000000
09/05/2012 00:00,734998.000000,69.000000,0.000000,0.000000,0.000000,0.000000,0.000000,0.000000,0.000000,13.004617,14.223380,13.688905,0.963405,1.210984,27.389617,1.635206,52.263262,-10.758347,36.528915,8.915632,105.989762,-58.918994,198.158927,317.040487,0.000000,3600.000000
10/05/2012 00:00,734999.000000,70.000000,0.000000,0.000000,0.000000,0.000000,0.000000,0.000000,0.000000,13.850450,15.083047,14.599362,0.886778,1.266152,25.190994,0.481099,53.547391,-11.695883,37.637176,8.268240,114.693884,-68.565266,211.801165,311.848490,0.000000,3600.000000
11/05/2012 00:00,735000.000000,71.000000,0.000000,0.000000,0.000000,0.000000,0.000000,0.000000,0.000000,16.487950,17.273104,17.030905,1.235830,1.019813,34.963875,-1.364125,71.177780,-11.930941,36.992637,11.673057,136.844296,-85.539721,258.699053,309.708666,0.000000,3600.000000
12/05/2012 00:00,735001.000000,72.000000,0.000000,0.000000,0.000000,0.000000,0.000000,0.000000,0.000000,18.383783,18.631415,18.666679,1.272135,0.940984,35.958162,-3.567911,66.750585,-10.077423,31.803311,11.520993,131.931053,-85.551474,247.963897,320.344339,0.000000,3600.000000
13/05/2012 00:00,735002.000000,73.000000,0.000000,0.000000,0.000000,0.000000,0.000000,0.000000,0.000000,17.704617,18.427731,18.224541,0.370989,1.114030,10.532727,0.373596,35.104053,-7.711737,31.841934,4.181683,87.173045,-50.915824,156.633439,352.744776,0.000000,3600.000000
14/05/2012 00:00,735003.000000,74.000000,0.000000,0.000000,0.000000,0.000000,0.000000,0.000000,0.000000,12.500449,15.157716,14.212018,1.181054,1.462780,33.631419,8.785010,44.321898,-13.447768,40.431845,4.443109,100.347455,-56.165152,183.502551,317.003471,0.000000,3600.000000
15/05/2012 00:00,735004.000000,75.000000,0.000000,0.000000,0.000000,0.000000,0.000000,0.000000,0.000000,10.321283,13.570107,12.350793,1.661330,1.366789,47.217664,10.766814,78.995317,-18.716498,43.787424,8.039887,147.250186,-90.369435,280.244240,271.630852,0.000000,3600.000000
16/05/2012 00:00,735005.000000,76.000000,0.000000,0.000000,1.195628,0.000000,1.392205,0.000000,1.372209,11.112949,13.464181,12.163784,1.250646,1.283450,35.596623,7.219726,62.028207,-16.957774,46.012961,5.727391,122.654350,-70.551496,230.604534,291.129016,0.000000,3600.000000
17/05/2012 00:00,735006.000000,77.000000,0.000000,0.000000,6.677567,0.587753,6.629421,0.853607,8.395429,8.812950,10.614457,9.365968,1.423094,1.048761,42.430799,6.215243,53.912384,-15.963582,48.281632,1.122074,117.890159,-63.160124,215.696563,283.325401,0.000001,3600.000000
18/05/2012 00:00,735007.000000,78.000000,0.000000,0.000000,0.000000,0.000000,0.000000,0.000000,0.000000,10.625452,12.023505,11.406218,1.715864,1.589391,48.869416,6.266695,80.423461,-15.675583,46.114393,6.762535,148.945605,-93.127505,284.012202,267.081545,0.000000,3600.000000
19/05/2012 00:00,735008.000000,79.000000,0.000000,0.000000,0.000000,0.000000,0.000000,0.000000,0.000000,9.367117,11.873072,10.637578,0.949169,1.282871,27.068837,4.305625,47.078499,-14.209958,37.498066,8.851147,102.669505,-55.961533,188.999757,300.202607,0.000000,3600.000000
20/05/2012 00:00,735009.000000,80.000000,0.000000,0.000000,0.000000,0.000000,0.000000,0.000000,0.000000,11.679617,13.497661,13.241315,0.947769,1.157079,26.956926,3.039339,53.435953,-9.317158,37.073619,9.601469,109.220129,-61.627609,203.872815,313.970229,0.000000,3600.000000
21/05/2012 00:00,735010.000000,81.000000,0.000000,0.000000,14.768535,0.000017,15.138840,0.001272,16.969568,10.483783,12.846623,12.343553,0.453377,0.721863,12.939238,5.376475,26.831338,-7.427156,26.321463,5.686451,64.854973,-33.810773,117.046334,336.649491,0.000000,3600.000000
22/05/2012 00:00,735011.000000,82.000000,0.000000,0.000000,40.358299,0.055724,40.612077,0.109616,46.442556,7.979617,10.272007,9.354780,0.210061,0.004531,6.073333,6.990474,7.505135,-6.902841,7.195458,1.137216,19.668924,-11.208926,34.987853,342.828425,0.000000,3600.000000
23/05/2012 00:00,735012.000000,83.000000,0.000000,0.000000,0.739759,0.026085,0.846229,0.023900,0.881167,11.183784,13.281286,13.167267,0.605848,0.939845,17.278056,3.592181,49.976838,-7.927733,34.337492,11.851686,102.799045,-55.316672,191.330604,321.211783,0.000000,3600.000000
24/05/2012 00:00,735013.000000,84.000000,0.000000,0.000000,0.000383,0.000000,0.000000,0.000000,0.000720,18.037950,17.249098,18.614918,1.933099,0.789755,54.677895,-12.395696,77.322721,-2.514996,29.442516,18.816527,143.814602,-92.625036,274.438423,320.782067,0.000000,3600.000000
25/05/2012 00:00,735014.000000,85.000000,0.000000,0.000000,0.146524,0.000000,0.174026,0.000000,0.168395,17.483785,17.976870,17.510446,0.646259,1.172722,18.313208,0.223144,51.944103,-10.876841,36.400285,7.102458,110.227464,-64.435623,203.809912,333.272523,0.000000,3600.000000
26/05/2012 00:00,735015.000000,86.000000,0.000000,0.000000,0.000000,0.000000,0.000000,0.000000,0.000000,15.829618,17.970157,18.130118,1.858741,1.099354,52.600175,0.666264,76.237865,-9.315244,35.256566,18.565601,139.506926,-83.243637,267.312450,318.872331,0.000000,3600.000000
27/05/2012 00:00,735016.000000,87.000000,0.000000,0.000000,0.000000,0.000000,0.000000,0.000000,0.000000,14.517117,17.173745,16.547762,1.480911,1.573396,42.004613,5.934707,70.181479,-13.217226,49.671773,14.455538,135.405394,-70.199919,256.217712,318.307042,0.000000,3600.000000
28/05/2012 00:00,735017.000000,88.000000,0.000000,0.000000,0.439570,0.000000,0.522073,0.000000,0.505182,13.675451,16.069196,15.296515,1.118760,1.338226,31.779497,4.631711,53.864142,-12.529526,44.095839,9.969928,113.262458,-58.798674,210.360865,323.281141,0.000000,3600.000000
29/05/2012 00:00,735018.000000,89.000000,0.000000,0.000000,0.659859,0.000000,0.696094,0.000000,0.757663,14.642116,16.872883,16.168137,1.011251,1.297567,28.682376,3.207046,59.376763,-13.376565,41.695698,11.660778,124.893036,-69.508890,231.671125,317.587973,0.000000,3600.000000
30/05/2012 00:00,735019.000000,90.000000,0.000000,0.000000,0.293049,0.000000,0.348051,0.000000,0.336791,15.217117,17.265193,17.075416,1.285970,1.167684,36.442739,0.930072,59.763222,-10.304677,33.291331,12.131626,120.851900,-73.707142,226.545288,321.492187,0.000000,3600.000000
31/05/2012 00:00,735020.000000,91.000000,0.000000,0.000000,0.000000,0.000000,0.000000,0.000000,0.000000,16.304618,17.995380,18.025925,1.481112,1.015912,41.910384,0.746027,69.676971,-10.121181,32.494157,12.871558,133.795429,-84.954488,253.307319,316.807546,0.000000,3600.000000
01/06/2012 00:00,735021.000000,92.000000,0.000000,0.000000,0.000000,0.000000,0.000000,0.000000,0.000000,16.508783,17.974215,17.727620,1.193205,1.473622,33.831299,1.334309,56.362161,-10.071591,42.919759,9.444580,119.527654,-65.275894,221.632493,333.084324,0.000000,3600.000000
02/06/2012 00:00,735022.000000,93.000000,0.000000,0.000000,0.000000,0.000000,0.000000,0.000000,0.000000,18.242118,19.610157,19.902623,1.311836,1.170395,37.074158,-0.575904,65.104367,-7.146481,36.055327,14.528165,124.899797,-70.516306,237.080341,343.986747,0.000000,3600.000000
03/06/2012 00:00,735023.000000,94.000000,0.000000,0.000000,0.000000,0.000000,0.000000,0.000000,0.000000,18.608784,19.799783,19.770820,1.670748,1.384844,47.263048,1.447920,72.080951,-9.883124,47.907662,10.230873,134.850034,-71.462616,257.251776,338.349744,0.000000,3600.000000
04/06/2012 00:00,735024.000000,95.000000,0.000000,0.000000,0.000000,0.000000,0.000000,0.000000,0.000000,18.871284,19.175196,19.560319,1.335757,1.354246,37.856088,-2.559981,50.356403,-4.673807,39.072182,9.467794,103.800719,-52.116589,194.054907,360.917403,0.000000,3600.000000
05/06/2012 00:00,735025.000000,96.000000,0.000000,0.000000,22.480517,0.000000,22.797104,0.000000,25.830993,12.925452,15.219667,14.674593,0.740831,0.479327,21.121382,7.647175,21.970042,-7.981780,19.970030,4.844127,56.523458,-31.875788,100.745169,348.364280,0.000000,3600.000000
06/06/2012 00:00,735026.000000,97.000000,0.000000,0.000000,0.000000,0.000000,0.000000,0.000000,0.000000,14.167118,17.062484,16.910496,1.771375,1.120625,50.158677,4.892263,84.763535,-12.589187,39.702606,17.838967,154.306094,-92.721476,295.842985,300.638735,0.000000,3600.000000
07/06/2012 00:00,735027.000000,98.000000,0.000000,0.000000,0.000000,0.000000,0.000000,0.000000,0.000000,15.329617,16.752851,16.309554,0.887512,1.299619,25.224498,1.438546,40.857694,-9.273076,39.779749,8.161565,97.152173,-49.258416,176.149266,341.171973,0.000000,3600.000000
08/06/2012 00:00,735028.000000,99.000000,0.000000,0.000000,0.000000,0.000000,0.000000,0.000000,0.000000,16.979617,18.282942,18.355425,1.343499,1.333255,38.062530,2.105171,62.864704,-7.803314,43.428203,10.933013,119.141709,-61.060227,226.820546,342.939669,0.000000,3600.000000
09/06/2012 00:00,735029.000000,100.000000,0.000000,0.000000,0.732618,0.000000,0.870124,0.000000,0.841973,16.042117,17.282035,16.960815,0.536098,0.883335,15.240461,1.687135,29.273383,-7.404707,29.074971,5.701335,74.202618,-39.529807,132.718499,355.819408,0.000000,3600.000000
10/06/2012 00:00,735030.000000,101.000000,0.000000,0.000000,0.293049,0.000000,0.348051,0.000000,0.336791,17.387950,18.711682,18.750058,1.035242,1.267715,29.332857,1.476088,54.352659,-7.290319,43.617135,10.145247,111.191191,-55.351459,207.496480,351.301994,0.000000,3600.000000
11/06/2012 00:00,735031.000000,102.000000,0.000000,0.000000,3.423039,0.000000,3.828544,0.000000,3.931427,14.442116,16.947128,16.532082,0.693490,0.901111,19.713333,6.766505,33.490639,-8.224204,30.035039,6.487853,77.654050,-40.516685,141.599045,351.074898,0.000000,3600.000000
12/06/2012 00:00,735032.000000,103.000000,0.000000,0.000000,17.211790,0.000000,17.750514,0.000000,19.774492,12.112951,14.912419,14.106886,0.341717,0.147410,9.743497,8.343306,20.392310,-8.165975,20.549068,5.158624,48.439299,-23.597096,87.918799,354.751336,0.000000,3600.000000
13/06/2012 00:00,735033.000000,104.000000,0.000000,0.000000,38.236368,0.000000,38.459428,0.000044,43.941544,9.900451,13.014737,11.904186,0.433324,0.173686,12.378514,10.320615,20.746991,-10.593340,17.374596,4.149856,50.050875,-28.259457,90.229333,335.482488,0.000000,3600.000000
14/06/2012 00:00,735034.000000,105.000000,0.000000,0.000000,0.000000,0.000000,0.000000,0.000000,0.000000,12.196284,14.445873,13.945897,0.687419,1.151355,19.573406,4.142103,42.397033,-10.548033,33.970476,7.800800,100.196519,-57.439910,181.389692,319.674679,0.000000,3600.000000
15/06/2012 00:00,735035.000000,106.000000,0.000000,0.000000,0.000000,0.000000,0.000000,0.000000,0.000000,13.821285,16.267373,15.944293,1.453569,1.429431,41.237479,5.290138,74.598993,-12.886399,45.341456,11.849034,143.132698,-83.086682,271.129962,303.593064,0.000000,3600.000000
16/06/2012 00:00,735036.000000,107.000000,0.000000,0.000000,0.000000,0.000000,0.000000,0.000000,0.000000,16.542117,18.318178,18.211176,1.610711,1.240471,45.569331,1.379979,80.308670,-11.777125,40.177742,14.124596,147.488901,-87.690763,282.366014,313.541482,0.000000,3600.000000
17/06/2012 00:00,735037.000000,108.000000,0.000000,0.000000,0.000000,0.000000,0.000000,0.000000,0.000000,18.912950,19.948385,20.439528,1.936756,0.970359,54.694414,-4.388233,80.046999,-8.115480,30.953555,19.457573,147.417506,-92.745660,282.072326,324.706582,0.000000,3600.000000
18/06/2012 00:00,735038.000000,109.000000,0.000000,0.000000,0.000000,0.000000,0.000000,0.000000,0.000000,20.442117,21.492288,22.134976,1.793630,0.847946,50.563334,-3.502159,80.320322,-7.204739,29.662442,18.600358,148.403672,-96.070559,283.692757,332.891684,0.000000,3600.000000
19/06/2012 00:00,735039.000000,110.000000,0.000000,0.000000,0.000000,0.000000,0.000000,0.000000,0.000000,21.025451,21.917429,22.598450,1.696555,0.779776,47.822351,-2.943292,69.958966,-5.668129,26.403423,15.889138,131.328428,-85.661213,250.274554,346.531228,0.000000,3600.000000
20/06/2012 00:00,735040.000000,111.000000,0.000000,0.000000,0.000000,0.000000,0.000000,0.000000,0.000000,22.250451,22.210620,23.506847,1.679228,0.813975,47.392033,-7.090797,59.668868,-1.791116,25.207817,15.045780,125.259079,-83.180597,232.548105,356.942221,0.000000,3600.000000
21/06/2012 00:00,735041.000000,112.000000,0.000000,0.000000,3.095124,0.000000,3.480459,0.000000,3.553357,20.508784,22.092606,22.289510,0.970470,0.950664,27.406155,-0.127088,50.158711,-7.049645,35.259317,11.912081,110.425612,-66.524362,202.976840,361.235332,0.000000,3600.000000
22/06/2012 00:00,735042.000000,113.000000,0.000000,0.000000,0.293049,0.000000,0.348051,0.000000,0.336791,21.925450,22.457955,23.671855,1.914287,0.814975,54.000026,-5.370542,66.492359,-2.637118,27.979179,14.912830,129.968462,-84.069631,245.342090,355.920397,0.000000,3600.000000
23/06/2012 00:00,735043.000000,114.000000,0.000000,0.000000,0.146524,0.000000,0.174026,0.000000,0.168395,21.308783,22.274389,23.345530,2.194177,0.689471,61.872425,-3.119491,78.377979,-5.023237,27.514116,16.906505,144.141954,-96.518668,275.904004,339.875918,0.000000,3600.000000
24/06/2012 00:00,735044.000000,115.000000,0.000000,0.000000,0.879129,0.000000,1.044133,0.000000,1.010352,17.275450,19.947202,18.881466,0.945676,1.056585,26.780149,6.785234,46.320259,-13.566212,32.770847,8.554869,91.525095,-49.960926,172.490350,350.138641,0.000000,3600.000000
25/06/2012 00:00,735045.000000,116.000000,0.000000,0.000000,0.000000,0.000000,0.000000,0.000000,0.000000,19.292117,21.112489,21.139715,1.438822,1.111402,40.632943,0.669994,66.074754,-9.720626,36.635296,13.804644,132.481306,-77.762639,248.563320,341.215872,0.000000,3600.000000
26/06/2012 00:00,735046.000000,117.000000,0.000000,0.000000,0.000000,0.000000,0.000000,0.000000,0.000000,19.042118,21.299808,21.116478,1.126595,1.256291,31.846912,1.849301,53.515509,-9.226702,37.345031,14.147825,113.244239,-61.013693,210.311341,357.032683,0.000000,3600.000000
27/06/2012 00:00,735047.000000,118.000000,0.000000,0.000000,0.000000,0.000000,0.000000,0.000000,0.000000,18.250449,20.360449,20.086502,1.253628,1.213421,35.479006,1.651517,53.132274,-10.261850,37.283190,11.621534,115.723168,-66.047158,213.208452,345.039263,0.000000,3600.000000
28/06/2012 00:00,735048.000000,119.000000,0.000000,0.000000,0.000000,0.000000,0.000000,0.000000,0.000000,19.862950,21.597370,21.863252,1.887323,0.904999,53.213804,0.183662,77.718273,-9.100522,30.295656,16.656749,141.595728,-89.222701,271.692415,335.213174,0.000000,3600.000000
29/06/2012 00:00,735049.000000,120.000000,0.000000,0.000000,0.000000,0.000000,0.000000,0.000000,0.000000,21.492118,22.345699,22.814867,1.731071,1.002179,48.813611,-3.048391,68.341161,-6.823370,33.732737,15.036813,132.146825,-79.022045,250.109463,352.415624,0.000000,3600.000000
30/06/2012 00:00,735050.000000,121.000000,0.000000,0.000000,0.000000,0.000000,0.000000,0.000000,0.000000,22.737951,23.252493,24.286456,2.044674,0.931267,57.613648,-5.675226,73.640616,-4.366973,29.931207,16.845702,140.160389,-88.993066,266.212781,353.493809,0.000000,3600.000000
01/07/2012 00:00,735051.000000,122.000000,0.000000,0.000000,0.000000,0.000000,0.000000,0.000000,0.000000,23.875450,23.777832,25.109200,2.132716,0.802139,60.066705,-7.757020,72.171894,-2.261636,26.620325,17.073286,137.604435,-89.886677,261.279142,359.738074,0.000000,3600.000000
