DATE[day/month/year hour:min],t[days],JDfrom0,JD,Qtot[m3/s],Vsup/Dt[m3/s],Vsub/Dt[m3/s],Vchannel[m3],Qoutlandsup[m3/s],Qoutlandsub[m3/s],Qoutbottom[m3/s]
01/02/2012 01:00,0.041667,734900.041667,31.041667,0.000000e+00,0.000000e+00,0.000000e+00,0.000000e+00,0.000000e+00,1.063365e-08,0.000000e+00
01/02/2012 02:00,0.083333,734900.083333,31.083333,0.000000e+00,0.000000e+00,0.000000e+00,0.000000e+00,0.000000e+00,5.039727e-07,0.000000e+00
01/02/2012 03:00,0.125000,734900.125000,31.125000,0.000000e+00,0.000000e+00,0.000000e+00,0.000000e+00,0.000000e+00,4.099073e-06,0.000000e+00
01/02/2012 04:00,0.166667,734900.166667,31.166667,0.000000e+00,0.000000e+00,0.000000e+00,0.000000e+00,0.000000e+00,5.565420e-06,0.000000e+00
01/02/2012 05:00,0.208333,734900.208333,31.208333,0.000000e+00,0.000000e+00,0.000000e+00,0.000000e+00,0.000000e+00,7.363265e-06,0.000000e+00
01/02/2012 06:00,0.250000,734900.250000,31.250000,0.000000e+00,0.000000e+00,0.000000e+00,0.000000e+00,0.000000e+00,9.867742e-06,0.000000e+00
01/02/2012 07:00,0.291667,734900.291667,31.291667,0.000000e+00,0.000000e+00,0.000000e+00,0.000000e+00,0.000000e+00,1.311325e-05,0.000000e+00
01/02/2012 08:00,0.333333,734900.333333,31.333333,0.000000e+00,0.000000e+00,0.000000e+00,0.000000e+00,0.000000e+00,1.598261e-05,0.000000e+00
01/02/2012 09:00,0.375000,734900.375000,31.375000,0.000000e+00,0.000000e+00,0.000000e+00,0.000000e+00,0.000000e+00,1.799562e-05,0.000000e+00
01/02/2012 10:00,0.416667,734900.416667,31.416667,0.000000e+00,0.000000e+00,0.000000e+00,0.000000e+00,0.000000e+00,1.941300e-05,0.000000e+00
01/02/2012 11:00,0.458333,734900.458333,31.458333,0.000000e+00,0.000000e+00,0.000000e+00,0.000000e+00,0.000000e+00,2.057487e-05,0.000000e+00
01/02/2012 12:00,0.500000,734900.500000,31.500000,0.000000e+00,0.000000e+00,0.000000e+00,0.000000e+00,0.000000e+00,2.174186e-05,0.000000e+00
01/02/2012 13:00,0.541667,734900.541667,31.541667,0.000000e+00,0.000000e+00,0.000000e+00,0.000000e+00,0.000000e+00,2.304651e-05,0.000000e+00
01/02/2012 14:00,0.583333,734900.583333,31.583333,0.000000e+00,0.000000e+00,0.000000e+00,0.000000e+00,0.000000e+00,2.457651e-05,0.000000e+00
01/02/2012 15:00,0.625000,734900.625000,31.625000,0.000000e+00,0.000000e+00,0.000000e+00,0.000000e+00,0.000000e+00,2.635469e-05,0.000000e+00
01/02/2012 16:00,0.666667,734900.666667,31.666667,0.000000e+00,0.000000e+00,0.000000e+00,0.000000e+00,0.000000e+00,2.836289e-05,0.000000e+00
01/02/2012 17:00,0.708333,734900.708333,31.708333,0.000000e+00,0.000000e+00,0.000000e+00,0.000000e+00,0.000000e+00,3.054059e-05,0.000000e+00
01/02/2012 18:00,0.750000,734900.750000,31.750000,0.000000e+00,0.000000e+00,0.000000e+00,0.000000e+00,0.000000e+00,3.280487e-05,0.000000e+00
01/02/2012 19:00,0.791667,734900.791667,31.791667,0.000000e+00,0.000000e+00,0.000000e+00,0.000000e+00,0.000000e+00,3.506618e-05,0.000000e+00
01/02/2012 20:00,0.833333,734900.833333,31.833333,0.000000e+00,0.000000e+00,0.000000e+00,0.000000e+00,0.000000e+00,3.724801e-05,0.000000e+00
01/02/2012 21:00,0.875000,734900.875000,31.875000,0.000000e+00,0.000000e+00,0.000000e+00,0.000000e+00,0.000000e+00,3.929842e-05,0.000000e+00
01/02/2012 22:00,0.916667,734900.916667,31.916667,0.000000e+00,0.000000e+00,0.000000e+00,0.000000e+00,0.000000e+00,4.119475e-05,0.000000e+00
01/02/2012 23:00,0.958333,734900.958333,31.958333,0.000000e+00,0.000000e+00,0.000000e+00,0.000000e+00,0.000000e+00,4.294117e-05,0.000000e+00
02/02/2012 00:00,1.000000,734901.000000,32.000000,0.000000e+00,0.000000e+00,0.000000e+00,0.000000e+00,0.000000e+00,4.456189e-05,0.000000e+00
02/02/2012 01:00,1.041667,734901.041667,32.041667,0.000000e+00,0.000000e+00,0.000000e+00,0.000000e+00,0.000000e+00,4.609243e-05,0.000000e+00
02/02/2012 02:00,1.083333,734901.083333,32.083333,0.000000e+00,0.000000e+00,0.000000e+00,0.000000e+00,0.000000e+00,4.757129e-05,0.000000e+00
02/02/2012 03:00,1.125000,734901.125000,32.125000,0.000000e+00,0.000000e+00,0.000000e+00,0.000000e+00,0.000000e+00,4.903294e-05,0.000000e+00
02/02/2012 04:00,1.166667,734901.166667,32.166667,0.000000e+00,0.000000e+00,0.000000e+00,0.000000e+00,0.000000e+00,5.050313e-05,0.000000e+00
02/02/2012 05:00,1.208333,734901.208333,32.208333,0.000000e+00,0.000000e+00,0.000000e+00,0.000000e+00,0.000000e+00,5.199570e-05,0.000000e+00
02/02/2012 06:00,1.250000,734901.250000,32.250000,0.000000e+00,0.000000e+00,0.000000e+00,0.000000e+00,0.000000e+00,5.351237e-05,0.000000e+00
02/02/2012 07:00,1.291667,734901.291667,32.291667,0.000000e+00,0.000000e+00,0.000000e+00,0.000000e+00,0.000000e+00,5.504444e-05,0.000000e+00
02/02/2012 08:00,1.333333,734901.333333,32.333333,0.000000e+00,0.000000e+00,0.000000e+00,0.000000e+00,0.000000e+00,5.657517e-05,0.000000e+00
02/02/2012 09:00,1.375000,734901.375000,32.375000,0.000000e+00,0.000000e+00,0.000000e+00,0.000000e+00,0.000000e+00,5.808502e-05,0.000000e+00
02/02/2012 10:00,1.416667,734901.416667,32.416667,0.000000e+00,0.000000e+00,0.000000e+00,0.000000e+00,0.000000e+00,5.955510e-05,0.000000e+00
02/02/2012 11:00,1.458333,734901.458333,32.458333,0.000000e+00,0.000000e+00,0.000000e+00,0.000000e+00,0.000000e+00,6.097122e-05,0.000000e+00
02/02/2012 12:00,1.500000,734901.500000,32.500000,0.000000e+00,0.000000e+00,0.000000e+00,0.000000e+00,0.000000e+00,6.232679e-05,0.000000e+00
02/02/2012 13:00,1.541667,734901.541667,32.541667,0.000000e+00,0.000000e+00,0.000000e+00,0.000000e+00,0.000000e+00,6.362447e-05,0.000000e+00
02/02/2012 14:00,1.583333,734901.583333,32.583333,0.000000e+00,0.000000e+00,0.000000e+00,0.000000e+00,0.000000e+00,6.487774e-05,0.000000e+00
02/02/2012 15:00,1.625000,734901.625000,32.625000,0.000000e+00,0.000000e+00,0.000000e+00,0.000000e+00,0.000000e+00,6.611241e-05,0.000000e+00
02/02/2012 16:00,1.666667,734901.666667,32.666667,0.000000e+00,0.000000e+00,0.000000e+00,0.000000e+00,0.000000e+00,6.736988e-05,0.000000e+00
02/02/2012 17:00,1.708333,734901.708333,32.708333,0.000000e+00,0.000000e+00,0.000000e+00,0.000000e+00,0.000000e+00,6.871524e-05,0.000000e+00
02/02/2012 18:00,1.750000,734901.750000,32.750000,0.000000e+00,0.000000e+00,0.000000e+00,0.000000e+00,0.000000e+00,7.027227e-05,0.000000e+00
02/02/2012 19:00,1.791667,734901.791667,32.791667,0.000000e+00,0.000000e+00,0.000000e+00,0.000000e+00,0.000000e+00,7.213651e-05,0.000000e+00
02/02/2012 20:00,1.833333,734901.833333,32.833333,0.000000e+00,0.000000e+00,0.000000e+00,0.000000e+00,0.000000e+00,7.445699e-05,0.000000e+00
02/02/2012 21:00,1.875000,734901.875000,32.875000,0.000000e+00,0.000000e+00,0.000000e+00,0.000000e+00,0.000000e+00,7.747491e-05,0.000000e+00
02/02/2012 22:00,1.916667,734901.916667,32.916667,0.000000e+00,0.000000e+00,0.000000e+00,0.000000e+00,0.000000e+00,8.159719e-05,0.000000e+00
02/02/2012 23:00,1.958333,734901.958333,32.958333,0.000000e+00,0.000000e+00,0.000000e+00,0.000000e+00,0.000000e+00,8.725922e-05,0.000000e+00
03/02/2012 00:00,2.000000,734902.000000,33.000000,0.000000e+00,0.000000e+00,0.000000e+00,0.000000e+00,0.000000e+00,9.468835e-05,0.000000e+00
03/02/2012 01:00,2.041667,734902.041667,33.041667,0.000000e+00,0.000000e+00,0.000000e+00,0.000000e+00,0.000000e+00,9.448613e-05,0.000000e+00
03/02/2012 02:00,2.083333,734902.083333,33.083333,0.000000e+00,0.000000e+00,0.000000e+00,0.000000e+00,0.000000e+00,9.835035e-05,0.000000e+00
03/02/2012 03:00,2.125000,734902.125000,33.125000,0.000000e+00,0.000000e+00,0.000000e+00,0.000000e+00,0.000000e+00,1.056310e-04,0.000000e+00
03/02/2012 04:00,2.166667,734902.166667,33.166667,0.000000e+00,0.000000e+00,0.000000e+00,0.000000e+00,0.000000e+00,1.148890e-04,0.000000e+00
03/02/2012 05:00,2.208333,734902.208333,33.208333,0.000000e+00,0.000000e+00,0.000000e+00,0.000000e+00,0.000000e+00,1.246091e-04,0.000000e+00
03/02/2012 06:00,2.250000,734902.250000,33.250000,0.000000e+00,0.000000e+00,0.000000e+00,0.000000e+00,0.000000e+00,1.335636e-04,0.000000e+00
03/02/2012 07:00,2.291667,734902.291667,33.291667,0.000000e+00,0.000000e+00,0.000000e+00,0.000000e+00,0.000000e+00,1.411029e-04,0.000000e+00
03/02/2012 08:00,2.333333,734902.333333,33.333333,0.000000e+00,0.000000e+00,0.000000e+00,0.000000e+00,0.000000e+00,1.474569e-04,0.000000e+00
03/02/2012 09:00,2.375000,734902.375000,33.375000,0.000000e+00,0.000000e+00,0.000000e+00,0.000000e+00,0.000000e+00,1.521538e-04,0.000000e+00
03/02/2012 10:00,2.416667,734902.416667,33.416667,0.000000e+00,0.000000e+00,0.000000e+00,0.000000e+00,0.000000e+00,1.552566e-04,0.000000e+00
03/02/2012 11:00,2.458333,734902.458333,33.458333,0.000000e+00,0.000000e+00,0.000000e+00,0.000000e+00,0.000000e+00,1.572767e-04,0.000000e+00
03/02/2012 12:00,2.500000,734902.500000,33.500000,0.000000e+00,0.000000e+00,0.000000e+00,0.000000e+00,0.000000e+00,1.591794e-04,0.000000e+00
03/02/2012 13:00,2.541667,734902.541667,33.541667,0.000000e+00,0.000000e+00,0.000000e+00,0.000000e+00,0.000000e+00,1.601183e-04,0.000000e+00
03/02/2012 14:00,2.583333,734902.583333,33.583333,0.000000e+00,0.000000e+00,0.000000e+00,0.000000e+00,0.000000e+00,1.600690e-04,0.000000e+00
03/02/2012 15:00,2.625000,734902.625000,33.625000,0.000000e+00,0.000000e+00,0.000000e+00,0.000000e+00,0.000000e+00,1.594096e-04,0.000000e+00
03/02/2012 16:00,2.666667,734902.666667,33.666667,0.000000e+00,0.000000e+00,0.000000e+00,0.000000e+00,0.000000e+00,1.585264e-04,0.000000e+00
03/02/2012 17:00,2.708333,734902.708333,33.708333,0.000000e+00,0.000000e+00,0.000000e+00,0.000000e+00,0.000000e+00,1.580324e-04,0.000000e+00
03/02/2012 18:00,2.750000,734902.750000,33.750000,0.000000e+00,0.000000e+00,0.000000e+00,0.000000e+00,0.000000e+00,1.576271e-04,0.000000e+00
03/02/2012 19:00,2.791667,734902.791667,33.791667,0.000000e+00,0.000000e+00,0.000000e+00,0.000000e+00,0.000000e+00,1.568783e-04,0.000000e+00
03/02/2012 20:00,2.833333,734902.833333,33.833333,0.000000e+00,0.000000e+00,0.000000e+00,0.000000e+00,0.000000e+00,1.558733e-04,0.000000e+00
03/02/2012 21:00,2.875000,734902.875000,33.875000,0.000000e+00,0.000000e+00,0.000000e+00,0.000000e+00,0.000000e+00,1.547495e-04,0.000000e+00
03/02/2012 22:00,2.916667,734902.916667,33.916667,0.000000e+00,0.000000e+00,0.000000e+00,0.000000e+00,0.000000e+00,1.535947e-04,0.000000e+00
03/02/2012 23:00,2.958333,734902.958333,33.958333,0.000000e+00,0.000000e+00,0.000000e+00,0.000000e+00,0.000000e+00,1.524552e-04,0.000000e+00
04/02/2012 00:00,3.000000,734903.000000,34.000000,0.000000e+00,0.000000e+00,0.000000e+00,0.000000e+00,0.000000e+00,1.513533e-04,0.000000e+00
04/02/2012 01:00,3.041667,734903.041667,34.041667,0.000000e+00,0.000000e+00,0.000000e+00,0.000000e+00,0.000000e+00,1.502989e-04,0.000000e+00
04/02/2012 02:00,3.083333,734903.083333,34.083333,0.000000e+00,0.000000e+00,0.000000e+00,0.000000e+00,0.000000e+00,1.492951e-04,0.000000e+00
04/02/2012 03:00,3.125000,734903.125000,34.125000,0.000000e+00,0.000000e+00,0.000000e+00,0.000000e+00,0.000000e+00,1.483421e-04,0.000000e+00
04/02/2012 04:00,3.166667,734903.166667,34.166667,0.000000e+00,0.000000e+00,0.000000e+00,0.000000e+00,0.000000e+00,1.474381e-04,0.000000e+00
04/02/2012 05:00,3.208333,734903.208333,34.208333,0.000000e+00,0.000000e+00,0.000000e+00,0.000000e+00,0.000000e+00,1.465809e-04,0.000000e+00
04/02/2012 06:00,3.250000,734903.250000,34.250000,0.000000e+00,0.000000e+00,0.000000e+00,0.000000e+00,0.000000e+00,1.457679e-04,0.000000e+00
04/02/2012 07:00,3.291667,734903.291667,34.291667,0.000000e+00,0.000000e+00,0.000000e+00,0.000000e+00,0.000000e+00,1.449965e-04,0.000000e+00
04/02/2012 08:00,3.333333,734903.333333,34.333333,0.000000e+00,0.000000e+00,0.000000e+00,0.000000e+00,0.000000e+00,1.442642e-04,0.000000e+00
04/02/2012 09:00,3.375000,734903.375000,34.375000,0.000000e+00,0.000000e+00,0.000000e+00,0.000000e+00,0.000000e+00,1.435687e-04,0.000000e+00
04/02/2012 10:00,3.416667,734903.416667,34.416667,0.000000e+00,0.000000e+00,0.000000e+00,0.000000e+00,0.000000e+00,1.429082e-04,0.000000e+00
04/02/2012 11:00,3.458333,734903.458333,34.458333,0.000000e+00,0.000000e+00,0.000000e+00,0.000000e+00,0.000000e+00,1.422806e-04,0.000000e+00
04/02/2012 12:00,3.500000,734903.500000,34.500000,0.000000e+00,0.000000e+00,0.000000e+00,0.000000e+00,0.000000e+00,1.416845e-04,0.000000e+00
04/02/2012 13:00,3.541667,734903.541667,34.541667,0.000000e+00,0.000000e+00,0.000000e+00,0.000000e+00,0.000000e+00,1.411184e-04,0.000000e+00
04/02/2012 14:00,3.583333,734903.583333,34.583333,0.000000e+00,0.000000e+00,0.000000e+00,0.000000e+00,0.000000e+00,1.405812e-04,0.000000e+00
04/02/2012 15:00,3.625000,734903.625000,34.625000,0.000000e+00,0.000000e+00,0.000000e+00,0.000000e+00,0.000000e+00,1.400717e-04,0.000000e+00
04/02/2012 16:00,3.666667,734903.666667,34.666667,0.000000e+00,0.000000e+00,0.000000e+00,0.000000e+00,0.000000e+00,1.395890e-04,0.000000e+00
04/02/2012 17:00,3.708333,734903.708333,34.708333,0.000000e+00,0.000000e+00,0.000000e+00,0.000000e+00,0.000000e+00,1.391318e-04,0.000000e+00
04/02/2012 18:00,3.750000,734903.750000,34.750000,0.000000e+00,0.000000e+00,0.000000e+00,0.000000e+00,0.000000e+00,1.386995e-04,0.000000e+00
04/02/2012 19:00,3.791667,734903.791667,34.791667,0.000000e+00,0.000000e+00,0.000000e+00,0.000000e+00,0.000000e+00,1.382910e-04,0.000000e+00
04/02/2012 20:00,3.833333,734903.833333,34.833333,0.000000e+00,0.000000e+00,0.000000e+00,0.000000e+00,0.000000e+00,1.379053e-04,0.000000e+00
04/02/2012 21:00,3.875000,734903.875000,34.875000,0.000000e+00,0.000000e+00,0.000000e+00,0.000000e+00,0.000000e+00,1.375416e-04,0.000000e+00
04/02/2012 22:00,3.916667,734903.916667,34.916667,0.000000e+00,0.000000e+00,0.000000e+00,0.000000e+00,0.000000e+00,1.371988e-04,0.000000e+00
04/02/2012 23:00,3.958333,734903.958333,34.958333,0.000000e+00,0.000000e+00,0.000000e+00,0.000000e+00,0.000000e+00,1.368759e-04,0.000000e+00
05/02/2012 00:00,4.000000,734904.000000,35.000000,0.000000e+00,0.000000e+00,0.000000e+00,0.000000e+00,0.000000e+00,1.365720e-04,0.000000e+00
05/02/2012 01:00,4.041667,734904.041667,35.041667,0.000000e+00,0.000000e+00,0.000000e+00,0.000000e+00,0.000000e+00,1.362863e-04,0.000000e+00
05/02/2012 02:00,4.083333,734904.083333,35.083333,0.000000e+00,0.000000e+00,0.000000e+00,0.000000e+00,0.000000e+00,1.360176e-04,0.000000e+00
05/02/2012 03:00,4.125000,734904.125000,35.125000,0.000000e+00,0.000000e+00,0.000000e+00,0.000000e+00,0.000000e+00,1.357651e-04,0.000000e+00
05/02/2012 04:00,4.166667,734904.166667,35.166667,0.000000e+00,0.000000e+00,0.000000e+00,0.000000e+00,0.000000e+00,1.355278e-04,0.000000e+00
05/02/2012 05:00,4.208333,734904.208333,35.208333,0.000000e+00,0.000000e+00,0.000000e+00,0.000000e+00,0.000000e+00,1.353049e-04,0.000000e+00
05/02/2012 06:00,4.250000,734904.250000,35.250000,0.000000e+00,0.000000e+00,0.000000e+00,0.000000e+00,0.000000e+00,1.350954e-04,0.000000e+00
05/02/2012 07:00,4.291667,734904.291667,35.291667,0.000000e+00,0.000000e+00,0.000000e+00,0.000000e+00,0.000000e+00,1.348988e-04,0.000000e+00
05/02/2012 08:00,4.333333,734904.333333,35.333333,0.000000e+00,0.000000e+00,0.000000e+00,0.000000e+00,0.000000e+00,1.347140e-04,0.000000e+00
05/02/2012 09:00,4.375000,734904.375000,35.375000,0.000000e+00,0.000000e+00,0.000000e+00,0.000000e+00,0.000000e+00,1.345406e-04,0.000000e+00
05/02/2012 10:00,4.416667,734904.416667,35.416667,0.000000e+00,0.000000e+00,0.000000e+00,0.000000e+00,0.000000e+00,1.343778e-04,0.000000e+00
05/02/2012 11:00,4.458333,734904.458333,35.458333,0.000000e+00,0.000000e+00,0.000000e+00,0.000000e+00,0.000000e+00,1.342250e-04,0.000000e+00
05/02/2012 12:00,4.500000,734904.500000,35.500000,0.000000e+00,0.000000e+00,0.000000e+00,0.000000e+00,0.000000e+00,1.340817e-04,0.000000e+00
05/02/2012 13:00,4.541667,734904.541667,35.541667,0.000000e+00,0.000000e+00,0.000000e+00,0.000000e+00,0.000000e+00,1.339474e-04,0.000000e+00
05/02/2012 14:00,4.583333,734904.583333,35.583333,0.000000e+00,0.000000e+00,0.000000e+00,0.000000e+00,0.000000e+00,1.338215e-04,0.000000e+00
05/02/2012 15:00,4.625000,734904.625000,35.625000,0.000000e+00,0.000000e+00,0.000000e+00,0.000000e+00,0.000000e+00,1.337038e-04,0.000000e+00
05/02/2012 16:00,4.666667,734904.666667,35.666667,0.000000e+00,0.000000e+00,0.000000e+00,0.000000e+00,0.000000e+00,1.335937e-04,0.000000e+00
05/02/2012 17:00,4.708333,734904.708333,35.708333,0.000000e+00,0.000000e+00,0.000000e+00,0.000000e+00,0.000000e+00,1.334910e-04,0.000000e+00
05/02/2012 18:00,4.750000,734904.750000,35.750000,0.000000e+00,0.000000e+00,0.000000e+00,0.000000e+00,0.000000e+00,1.333953e-04,0.000000e+00
05/02/2012 19:00,4.791667,734904.791667,35.791667,0.000000e+00,0.000000e+00,0.000000e+00,0.000000e+00,0.000000e+00,1.333064e-04,0.000000e+00
05/02/2012 20:00,4.833333,734904.833333,35.833333,0.000000e+00,0.000000e+00,0.000000e+00,0.000000e+00,0.000000e+00,1.332240e-04,0.000000e+00
05/02/2012 21:00,4.875000,734904.875000,35.875000,0.000000e+00,0.000000e+00,0.000000e+00,0.000000e+00,0.000000e+00,1.331479e-04,0.000000e+00
05/02/2012 22:00,4.916667,734904.916667,35.916667,0.000000e+00,0.000000e+00,0.000000e+00,0.000000e+00,0.000000e+00,1.330777e-04,0.000000e+00
05/02/2012 23:00,4.958333,734904.958333,35.958333,0.000000e+00,0.000000e+00,0.000000e+00,0.000000e+00,0.000000e+00,1.330135e-04,0.000000e+00
06/02/2012 00:00,5.000000,734905.000000,36.000000,0.000000e+00,0.000000e+00,0.000000e+00,0.000000e+00,0.000000e+00,1.329549e-04,0.000000e+00
06/02/2012 01:00,5.041667,734905.041667,36.041667,0.000000e+00,0.000000e+00,0.000000e+00,0.000000e+00,0.000000e+00,1.329017e-04,0.000000e+00
06/02/2012 02:00,5.083333,734905.083333,36.083333,0.000000e+00,0.000000e+00,0.000000e+00,0.000000e+00,0.000000e+00,1.328539e-04,0.000000e+00
06/02/2012 03:00,5.125000,734905.125000,36.125000,0.000000e+00,0.000000e+00,0.000000e+00,0.000000e+00,0.000000e+00,1.328113e-04,0.000000e+00
06/02/2012 04:00,5.166667,734905.166667,36.166667,0.000000e+00,0.000000e+00,0.000000e+00,0.000000e+00,0.000000e+00,1.327738e-04,0.000000e+00
06/02/2012 05:00,5.208333,734905.208333,36.208333,0.000000e+00,0.000000e+00,0.000000e+00,0.000000e+00,0.000000e+00,1.327411e-04,0.000000e+00
06/02/2012 06:00,5.250000,734905.250000,36.250000,0.000000e+00,0.000000e+00,0.000000e+00,0.000000e+00,0.000000e+00,1.327133e-04,0.000000e+00
06/02/2012 07:00,5.291667,734905.291667,36.291667,0.000000e+00,0.000000e+00,0.000000e+00,0.000000e+00,0.000000e+00,1.326902e-04,0.000000e+00
06/02/2012 08:00,5.333333,734905.333333,36.333333,0.000000e+00,0.000000e+00,0.000000e+00,0.000000e+00,0.000000e+00,1.326716e-04,0.000000e+00
06/02/2012 09:00,5.375000,734905.375000,36.375000,0.000000e+00,0.000000e+00,0.000000e+00,0.000000e+00,0.000000e+00,1.326575e-04,0.000000e+00
06/02/2012 10:00,5.416667,734905.416667,36.416667,0.000000e+00,0.000000e+00,0.000000e+00,0.000000e+00,0.000000e+00,1.326478e-04,0.000000e+00
06/02/2012 11:00,5.458333,734905.458333,36.458333,0.000000e+00,0.000000e+00,0.000000e+00,0.000000e+00,0.000000e+00,1.326424e-04,0.000000e+00
06/02/2012 12:00,5.500000,734905.500000,36.500000,0.000000e+00,0.000000e+00,0.000000e+00,0.000000e+00,0.000000e+00,1.326411e-04,0.000000e+00
06/02/2012 13:00,5.541667,734905.541667,36.541667,0.000000e+00,0.000000e+00,0.000000e+00,0.000000e+00,0.000000e+00,1.326440e-04,0.000000e+00
06/02/2012 14:00,5.583333,734905.583333,36.583333,0.000000e+00,0.000000e+00,0.000000e+00,0.000000e+00,0.000000e+00,1.326508e-04,0.000000e+00
06/02/2012 15:00,5.625000,734905.625000,36.625000,0.000000e+00,0.000000e+00,0.000000e+00,0.000000e+00,0.000000e+00,1.326616e-04,0.000000e+00
06/02/2012 16:00,5.666667,734905.666667,36.666667,0.000000e+00,0.000000e+00,0.000000e+00,0.000000e+00,0.000000e+00,1.326762e-04,0.000000e+00
06/02/2012 17:00,5.708333,734905.708333,36.708333,0.000000e+00,0.000000e+00,0.000000e+00,0.000000e+00,0.000000e+00,1.326946e-04,0.000000e+00
06/02/2012 18:00,5.750000,734905.750000,36.750000,0.000000e+00,0.000000e+00,0.000000e+00,0.000000e+00,0.000000e+00,1.327166e-04,0.000000e+00
06/02/2012 19:00,5.791667,734905.791667,36.791667,0.000000e+00,0.000000e+00,0.000000e+00,0.000000e+00,0.000000e+00,1.327423e-04,0.000000e+00
06/02/2012 20:00,5.833333,734905.833333,36.833333,0.000000e+00,0.000000e+00,0.000000e+00,0.000000e+00,0.000000e+00,1.327715e-04,0.000000e+00
06/02/2012 21:00,5.875000,734905.875000,36.875000,0.000000e+00,0.000000e+00,0.000000e+00,0.000000e+00,0.000000e+00,1.328041e-04,0.000000e+00
06/02/2012 22:00,5.916667,734905.916667,36.916667,0.000000e+00,0.000000e+00,0.000000e+00,0.000000e+00,0.000000e+00,1.328400e-04,0.000000e+00
06/02/2012 23:00,5.958333,734905.958333,36.958333,0.000000e+00,0.000000e+00,0.000000e+00,0.000000e+00,0.000000e+00,1.328792e-04,0.000000e+00
07/02/2012 00:00,6.000000,734906.000000,37.000000,0.000000e+00,0.000000e+00,0.000000e+00,0.000000e+00,0.000000e+00,1.329216e-04,0.000000e+00
07/02/2012 01:00,6.041667,734906.041667,37.041667,0.000000e+00,0.000000e+00,0.000000e+00,0.000000e+00,0.000000e+00,1.329671e-04,0.000000e+00
07/02/2012 02:00,6.083333,734906.083333,37.083333,0.000000e+00,0.000000e+00,0.000000e+00,0.000000e+00,0.000000e+00,1.330156e-04,0.000000e+00
07/02/2012 03:00,6.125000,734906.125000,37.125000,0.000000e+00,0.000000e+00,0.000000e+00,0.000000e+00,0.000000e+00,1.330669e-04,0.000000e+00
07/02/2012 04:00,6.166667,734906.166667,37.166667,0.000000e+00,0.000000e+00,0.000000e+00,0.000000e+00,0.000000e+00,1.331212e-04,0.000000e+00
07/02/2012 05:00,6.208333,734906.208333,37.208333,0.000000e+00,0.000000e+00,0.000000e+00,0.000000e+00,0.000000e+00,1.331781e-04,0.000000e+00
07/02/2012 06:00,6.250000,734906.250000,37.250000,0.000000e+00,0.000000e+00,0.000000e+00,0.000000e+00,0.000000e+00,1.332378e-04,0.000000e+00
07/02/2012 07:00,6.291667,734906.291667,37.291667,0.000000e+00,0.000000e+00,0.000000e+00,0.000000e+00,0.000000e+00,1.333000e-04,0.000000e+00
07/02/2012 08:00,6.333333,734906.333333,37.333333,0.000000e+00,0.000000e+00,0.000000e+00,0.000000e+00,0.000000e+00,1.333648e-04,0.000000e+00
07/02/2012 09:00,6.375000,734906.375000,37.375000,0.000000e+00,0.000000e+00,0.000000e+00,0.000000e+00,0.000000e+00,1.334321e-04,0.000000e+00
07/02/2012 10:00,6.416667,734906.416667,37.416667,0.000000e+00,0.000000e+00,0.000000e+00,0.000000e+00,0.000000e+00,1.335019e-04,0.000000e+00
07/02/2012 11:00,6.458333,734906.458333,37.458333,0.000000e+00,0.000000e+00,0.000000e+00,0.000000e+00,0.000000e+00,1.335741e-04,0.000000e+00
07/02/2012 12:00,6.500000,734906.500000,37.500000,0.000000e+00,0.000000e+00,0.000000e+00,0.000000e+00,0.000000e+00,1.336486e-04,0.000000e+00
07/02/2012 13:00,6.541667,734906.541667,37.541667,0.000000e+00,0.000000e+00,0.000000e+00,0.000000e+00,0.000000e+00,1.337255e-04,0.000000e+00
07/02/2012 14:00,6.583333,734906.583333,37.583333,0.000000e+00,0.000000e+00,0.000000e+00,0.000000e+00,0.000000e+00,1.338046e-04,0.000000e+00
07/02/2012 15:00,6.625000,734906.625000,37.625000,0.000000e+00,0.000000e+00,0.000000e+00,0.000000e+00,0.000000e+00,1.338860e-04,0.000000e+00
07/02/2012 16:00,6.666667,734906.666667,37.666667,0.000000e+00,0.000000e+00,0.000000e+00,0.000000e+00,0.000000e+00,1.339696e-04,0.000000e+00
07/02/2012 17:00,6.708333,734906.708333,37.708333,0.000000e+00,0.000000e+00,0.000000e+00,0.000000e+00,0.000000e+00,1.340553e-04,0.000000e+00
07/02/2012 18:00,6.750000,734906.750000,37.750000,0.000000e+00,0.000000e+00,0.000000e+00,0.000000e+00,0.000000e+00,1.341431e-04,0.000000e+00
07/02/2012 19:00,6.791667,734906.791667,37.791667,0.000000e+00,0.000000e+00,0.000000e+00,0.000000e+00,0.000000e+00,1.342330e-04,0.000000e+00
07/02/2012 20:00,6.833333,734906.833333,37.833333,0.000000e+00,0.000000e+00,0.000000e+00,0.000000e+00,0.000000e+00,1.343250e-04,0.000000e+00
07/02/2012 21:00,6.875000,734906.875000,37.875000,0.000000e+00,0.000000e+00,0.000000e+00,0.000000e+00,0.000000e+00,1.344190e-04,0.000000e+00
07/02/2012 22:00,6.916667,734906.916667,37.916667,0.000000e+00,0.000000e+00,0.000000e+00,0.000000e+00,0.000000e+00,1.345149e-04,0.000000e+00
07/02/2012 23:00,6.958333,734906.958333,37.958333,0.000000e+00,0.000000e+00,0.000000e+00,0.000000e+00,0.000000e+00,1.346128e-04,0.000000e+00
08/02/2012 00:00,7.000000,734907.000000,38.000000,0.000000e+00,0.000000e+00,0.000000e+00,0.000000e+00,0.000000e+00,1.347126e-04,0.000000e+00
08/02/2012 01:00,7.041667,734907.041667,38.041667,0.000000e+00,0.000000e+00,0.000000e+00,0.000000e+00,0.000000e+00,1.348143e-04,0.000000e+00
08/02/2012 02:00,7.083333,734907.083333,38.083333,0.000000e+00,0.000000e+00,0.000000e+00,0.000000e+00,0.000000e+00,1.349178e-04,0.000000e+00
08/02/2012 03:00,7.125000,734907.125000,38.125000,0.000000e+00,0.000000e+00,0.000000e+00,0.000000e+00,0.000000e+00,1.350231e-04,0.000000e+00
08/02/2012 04:00,7.166667,734907.166667,38.166667,0.000000e+00,0.000000e+00,0.000000e+00,0.000000e+00,0.000000e+00,1.351302e-04,0.000000e+00
08/02/2012 05:00,7.208333,734907.208333,38.208333,0.000000e+00,0.000000e+00,0.000000e+00,0.000000e+00,0.000000e+00,1.352391e-04,0.000000e+00
08/02/2012 06:00,7.250000,734907.250000,38.250000,0.000000e+00,0.000000e+00,0.000000e+00,0.000000e+00,0.000000e+00,1.353496e-04,0.000000e+00
08/02/2012 07:00,7.291667,734907.291667,38.291667,0.000000e+00,0.000000e+00,0.000000e+00,0.000000e+00,0.000000e+00,1.354619e-04,0.000000e+00
08/02/2012 08:00,7.333333,734907.333333,38.333333,0.000000e+00,0.000000e+00,0.000000e+00,0.000000e+00,0.000000e+00,1.355758e-04,0.000000e+00
08/02/2012 09:00,7.375000,734907.375000,38.375000,0.000000e+00,0.000000e+00,0.000000e+00,0.000000e+00,0.000000e+00,1.356913e-04,0.000000e+00
08/02/2012 10:00,7.416667,734907.416667,38.416667,0.000000e+00,0.000000e+00,0.000000e+00,0.000000e+00,0.000000e+00,1.358084e-04,0.000000e+00
08/02/2012 11:00,7.458333,734907.458333,38.458333,0.000000e+00,0.000000e+00,0.000000e+00,0.000000e+00,0.000000e+00,1.359270e-04,0.000000e+00
08/02/2012 12:00,7.500000,734907.500000,38.500000,0.000000e+00,0.000000e+00,0.000000e+00,0.000000e+00,0.000000e+00,1.360472e-04,0.000000e+00
08/02/2012 13:00,7.541667,734907.541667,38.541667,0.000000e+00,0.000000e+00,0.000000e+00,0.000000e+00,0.000000e+00,1.361688e-04,0.000000e+00
08/02/2012 14:00,7.583333,734907.583333,38.583333,0.000000e+00,0.000000e+00,0.000000e+00,0.000000e+00,0.000000e+00,1.362918e-04,0.000000e+00
08/02/2012 15:00,7.625000,734907.625000,38.625000,0.000000e+00,0.000000e+00,0.000000e+00,0.000000e+00,0.000000e+00,1.364162e-04,0.000000e+00
08/02/2012 16:00,7.666667,734907.666667,38.666667,0.000000e+00,0.000000e+00,0.000000e+00,0.000000e+00,0.000000e+00,1.365420e-04,0.000000e+00
08/02/2012 17:00,7.708333,734907.708333,38.708333,0.000000e+00,0.000000e+00,0.000000e+00,0.000000e+00,0.000000e+00,1.366691e-04,0.000000e+00
08/02/2012 18:00,7.750000,734907.750000,38.750000,0.000000e+00,0.000000e+00,0.000000e+00,0.000000e+00,0.000000e+00,1.367975e-04,0.000000e+00
08/02/2012 19:00,7.791667,734907.791667,38.791667,0.000000e+00,0.000000e+00,0.000000e+00,0.000000e+00,0.000000e+00,1.369270e-04,0.000000e+00
08/02/2012 20:00,7.833333,734907.833333,38.833333,0.000000e+00,0.000000e+00,0.000000e+00,0.000000e+00,0.000000e+00,1.370578e-04,0.000000e+00
08/02/2012 21:00,7.875000,734907.875000,38.875000,0.000000e+00,0.000000e+00,0.000000e+00,0.000000e+00,0.000000e+00,1.371897e-04,0.000000e+00
08/02/2012 22:00,7.916667,734907.916667,38.916667,0.000000e+00,0.000000e+00,0.000000e+00,0.000000e+00,0.000000e+00,1.373226e-04,0.000000e+00
08/02/2012 23:00,7.958333,734907.958333,38.958333,0.000000e+00,0.000000e+00,0.000000e+00,0.000000e+00,0.000000e+00,1.374566e-04,0.000000e+00
09/02/2012 00:00,8.000000,734908.000000,39.000000,0.000000e+00,0.000000e+00,0.000000e+00,0.000000e+00,0.000000e+00,1.375915e-04,0.000000e+00
09/02/2012 01:00,8.041667,734908.041667,39.041667,0.000000e+00,0.000000e+00,0.000000e+00,0.000000e+00,0.000000e+00,1.377273e-04,0.000000e+00
09/02/2012 02:00,8.083333,734908.083333,39.083333,0.000000e+00,0.000000e+00,0.000000e+00,0.000000e+00,0.000000e+00,1.378640e-04,0.000000e+00
09/02/2012 03:00,8.125000,734908.125000,39.125000,0.000000e+00,0.000000e+00,0.000000e+00,0.000000e+00,0.000000e+00,1.380014e-04,0.000000e+00
09/02/2012 04:00,8.166667,734908.166667,39.166667,0.000000e+00,0.000000e+00,0.000000e+00,0.000000e+00,0.000000e+00,1.381396e-04,0.000000e+00
09/02/2012 05:00,8.208333,734908.208333,39.208333,0.000000e+00,0.000000e+00,0.000000e+00,0.000000e+00,0.000000e+00,1.382784e-04,0.000000e+00
09/02/2012 06:00,8.250000,734908.250000,39.250000,0.000000e+00,0.000000e+00,0.000000e+00,0.000000e+00,0.000000e+00,1.384179e-04,0.000000e+00
09/02/2012 07:00,8.291667,734908.291667,39.291667,0.000000e+00,0.000000e+00,0.000000e+00,0.000000e+00,0.000000e+00,1.385579e-04,0.000000e+00
09/02/2012 08:00,8.333333,734908.333333,39.333333,0.000000e+00,0.000000e+00,0.000000e+00,0.000000e+00,0.000000e+00,1.386984e-04,0.000000e+00
09/02/2012 09:00,8.375000,734908.375000,39.375000,0.000000e+00,0.000000e+00,0.000000e+00,0.000000e+00,0.000000e+00,1.388393e-04,0.000000e+00
09/02/2012 10:00,8.416667,734908.416667,39.416667,0.000000e+00,0.000000e+00,0.000000e+00,0.000000e+00,0.000000e+00,1.389806e-04,0.000000e+00
09/02/2012 11:00,8.458333,734908.458333,39.458333,0.000000e+00,0.000000e+00,0.000000e+00,0.000000e+00,0.000000e+00,1.391222e-04,0.000000e+00
09/02/2012 12:00,8.500000,734908.500000,39.500000,0.000000e+00,0.000000e+00,0.000000e+00,0.000000e+00,0.000000e+00,1.392640e-04,0.000000e+00
09/02/2012 13:00,8.541667,734908.541667,39.541667,0.000000e+00,0.000000e+00,0.000000e+00,0.000000e+00,0.000000e+00,1.394060e-04,0.000000e+00
09/02/2012 14:00,8.583333,734908.583333,39.583333,0.000000e+00,0.000000e+00,0.000000e+00,0.000000e+00,0.000000e+00,1.395480e-04,0.000000e+00
09/02/2012 15:00,8.625000,734908.625000,39.625000,0.000000e+00,0.000000e+00,0.000000e+00,0.000000e+00,0.000000e+00,1.396901e-04,0.000000e+00
09/02/2012 16:00,8.666667,734908.666667,39.666667,0.000000e+00,0.000000e+00,0.000000e+00,0.000000e+00,0.000000e+00,1.398322e-04,0.000000e+00
09/02/2012 17:00,8.708333,734908.708333,39.708333,0.000000e+00,0.000000e+00,0.000000e+00,0.000000e+00,0.000000e+00,1.399742e-04,0.000000e+00
09/02/2012 18:00,8.750000,734908.750000,39.750000,0.000000e+00,0.000000e+00,0.000000e+00,0.000000e+00,0.000000e+00,1.401160e-04,0.000000e+00
09/02/2012 19:00,8.791667,734908.791667,39.791667,0.000000e+00,0.000000e+00,0.000000e+00,0.000000e+00,0.000000e+00,1.402575e-04,0.000000e+00
09/02/2012 20:00,8.833333,734908.833333,39.833333,0.000000e+00,0.000000e+00,0.000000e+00,0.000000e+00,0.000000e+00,1.403988e-04,0.000000e+00
09/02/2012 21:00,8.875000,734908.875000,39.875000,0.000000e+00,0.000000e+00,0.000000e+00,0.000000e+00,0.000000e+00,1.405396e-04,0.000000e+00
09/02/2012 22:00,8.916667,734908.916667,39.916667,0.000000e+00,0.000000e+00,0.000000e+00,0.000000e+00,0.000000e+00,1.406801e-04,0.000000e+00
09/02/2012 23:00,8.958333,734908.958333,39.958333,0.000000e+00,0.000000e+00,0.000000e+00,0.000000e+00,0.000000e+00,1.408200e-04,0.000000e+00
10/02/2012 00:00,9.000000,734909.000000,40.000000,0.000000e+00,0.000000e+00,0.000000e+00,0.000000e+00,0.000000e+00,1.409594e-04,0.000000e+00
10/02/2012 01:00,9.041667,734909.041667,40.041667,0.000000e+00,0.000000e+00,0.000000e+00,0.000000e+00,0.000000e+00,1.410982e-04,0.000000e+00
10/02/2012 02:00,9.083333,734909.083333,40.083333,0.000000e+00,0.000000e+00,0.000000e+00,0.000000e+00,0.000000e+00,1.412362e-04,0.000000e+00
10/02/2012 03:00,9.125000,734909.125000,40.125000,0.000000e+00,0.000000e+00,0.000000e+00,0.000000e+00,0.000000e+00,1.413735e-04,0.000000e+00
10/02/2012 04:00,9.166667,734909.166667,40.166667,0.000000e+00,0.000000e+00,0.000000e+00,0.000000e+00,0.000000e+00,1.415100e-04,0.000000e+00
10/02/2012 05:00,9.208333,734909.208333,40.208333,0.000000e+00,0.000000e+00,0.000000e+00,0.000000e+00,0.000000e+00,1.416455e-04,0.000000e+00
10/02/2012 06:00,9.250000,734909.250000,40.250000,0.000000e+00,0.000000e+00,0.000000e+00,0.000000e+00,0.000000e+00,1.417801e-04,0.000000e+00
10/02/2012 07:00,9.291667,734909.291667,40.291667,0.000000e+00,0.000000e+00,0.000000e+00,0.000000e+00,0.000000e+00,1.419136e-04,0.000000e+00
10/02/2012 08:00,9.333333,734909.333333,40.333333,0.000000e+00,0.000000e+00,0.000000e+00,0.000000e+00,0.000000e+00,1.420461e-04,0.000000e+00
10/02/2012 09:00,9.375000,734909.375000,40.375000,0.000000e+00,0.000000e+00,0.000000e+00,0.000000e+00,0.000000e+00,1.421773e-04,0.000000e+00
10/02/2012 10:00,9.416667,734909.416667,40.416667,0.000000e+00,0.000000e+00,0.000000e+00,0.000000e+00,0.000000e+00,1.423074e-04,0.000000e+00
10/02/2012 11:00,9.458333,734909.458333,40.458333,0.000000e+00,0.000000e+00,0.000000e+00,0.000000e+00,0.000000e+00,1.424362e-04,0.000000e+00
10/02/2012 12:00,9.500000,734909.500000,40.500000,0.000000e+00,0.000000e+00,0.000000e+00,0.000000e+00,0.000000e+00,1.425636e-04,0.000000e+00
10/02/2012 13:00,9.541667,734909.541667,40.541667,0.000000e+00,0.000000e+00,0.000000e+00,0.000000e+00,0.000000e+00,1.426896e-04,0.000000e+00
10/02/2012 14:00,9.583333,734909.583333,40.583333,0.000000e+00,0.000000e+00,0.000000e+00,0.000000e+00,0.000000e+00,1.428142e-04,0.000000e+00
10/02/2012 15:00,9.625000,734909.625000,40.625000,0.000000e+00,0.000000e+00,0.000000e+00,0.000000e+00,0.000000e+00,1.429373e-04,0.000000e+00
10/02/2012 16:00,9.666667,734909.666667,40.666667,0.000000e+00,0.000000e+00,0.000000e+00,0.000000e+00,0.000000e+00,1.430589e-04,0.000000e+00
10/02/2012 17:00,9.708333,734909.708333,40.708333,0.000000e+00,0.000000e+00,0.000000e+00,0.000000e+00,0.000000e+00,1.431788e-04,0.000000e+00
10/02/2012 18:00,9.750000,734909.750000,40.750000,0.000000e+00,0.000000e+00,0.000000e+00,0.000000e+00,0.000000e+00,1.432971e-04,0.000000e+00
10/02/2012 19:00,9.791667,734909.791667,40.791667,0.000000e+00,0.000000e+00,0.000000e+00,0.000000e+00,0.000000e+00,1.434137e-04,0.000000e+00
10/02/2012 20:00,9.833333,734909.833333,40.833333,0.000000e+00,0.000000e+00,0.000000e+00,0.000000e+00,0.000000e+00,1.435286e-04,0.000000e+00
10/02/2012 21:00,9.875000,734909.875000,40.875000,0.000000e+00,0.000000e+00,0.000000e+00,0.000000e+00,0.000000e+00,1.436417e-04,0.000000e+00
10/02/2012 22:00,9.916667,734909.916667,40.916667,0.000000e+00,0.000000e+00,0.000000e+00,0.000000e+00,0.000000e+00,1.437530e-04,0.000000e+00
10/02/2012 23:00,9.958333,734909.958333,40.958333,0.000000e+00,0.000000e+00,0.000000e+00,0.000000e+00,0.000000e+00,1.438625e-04,0.000000e+00
11/02/2012 00:00,10.000000,734910.000000,41.000000,0.000000e+00,0.000000e+00,0.000000e+00,0.000000e+00,0.000000e+00,1.439700e-04,0.000000e+00
11/02/2012 01:00,10.041667,734910.041667,41.041667,0.000000e+00,0.000000e+00,0.000000e+00,0.000000e+00,0.000000e+00,1.440757e-04,0.000000e+00
11/02/2012 02:00,10.083333,734910.083333,41.083333,0.000000e+00,0.000000e+00,0.000000e+00,0.000000e+00,0.000000e+00,1.441795e-04,0.000000e+00
11/02/2012 03:00,10.125000,734910.125000,41.125000,0.000000e+00,0.000000e+00,0.000000e+00,0.000000e+00,0.000000e+00,1.442812e-04,0.000000e+00
11/02/2012 04:00,10.166667,734910.166667,41.166667,0.000000e+00,0.000000e+00,0.000000e+00,0.000000e+00,0.000000e+00,1.443810e-04,0.000000e+00
11/02/2012 05:00,10.208333,734910.208333,41.208333,0.000000e+00,0.000000e+00,0.000000e+00,0.000000e+00,0.000000e+00,1.444788e-04,0.000000e+00
11/02/2012 06:00,10.250000,734910.250000,41.250000,0.000000e+00,0.000000e+00,0.000000e+00,0.000000e+00,0.000000e+00,1.445746e-04,0.000000e+00
11/02/2012 07:00,10.291667,734910.291667,41.291667,0.000000e+00,0.000000e+00,0.000000e+00,0.000000e+00,0.000000e+00,1.446684e-04,0.000000e+00
11/02/2012 08:00,10.333333,734910.333333,41.333333,0.000000e+00,0.000000e+00,0.000000e+00,0.000000e+00,0.000000e+00,1.447601e-04,0.000000e+00
11/02/2012 09:00,10.375000,734910.375000,41.375000,0.000000e+00,0.000000e+00,0.000000e+00,0.000000e+00,0.000000e+00,1.448498e-04,0.000000e+00
11/02/2012 10:00,10.416667,734910.416667,41.416667,0.000000e+00,0.000000e+00,0.000000e+00,0.000000e+00,0.000000e+00,1.449374e-04,0.000000e+00
11/02/2012 11:00,10.458333,734910.458333,41.458333,0.000000e+00,0.000000e+00,0.000000e+00,0.000000e+00,0.000000e+00,1.450230e-04,0.000000e+00
11/02/2012 12:00,10.500000,734910.500000,41.500000,0.000000e+00,0.000000e+00,0.000000e+00,0.000000e+00,0.000000e+00,1.451066e-04,0.000000e+00
11/02/2012 13:00,10.541667,734910.541667,41.541667,0.000000e+00,0.000000e+00,0.000000e+00,0.000000e+00,0.000000e+00,1.451881e-04,0.000000e+00
11/02/2012 14:00,10.583333,734910.583333,41.583333,0.000000e+00,0.000000e+00,0.000000e+00,0.000000e+00,0.000000e+00,1.452675e-04,0.000000e+00
11/02/2012 15:00,10.625000,734910.625000,41.625000,0.000000e+00,0.000000e+00,0.000000e+00,0.000000e+00,0.000000e+00,1.453449e-04,0.000000e+00
11/02/2012 16:00,10.666667,734910.666667,41.666667,0.000000e+00,0.000000e+00,0.000000e+00,0.000000e+00,0.000000e+00,1.454203e-04,0.000000e+00
11/02/2012 17:00,10.708333,734910.708333,41.708333,0.000000e+00,0.000000e+00,0.000000e+00,0.000000e+00,0.000000e+00,1.454937e-04,0.000000e+00
11/02/2012 18:00,10.750000,734910.750000,41.750000,0.000000e+00,0.000000e+00,0.000000e+00,0.000000e+00,0.000000e+00,1.455651e-04,0.000000e+00
11/02/2012 19:00,10.791667,734910.791667,41.791667,0.000000e+00,0.000000e+00,0.000000e+00,0.000000e+00,0.000000e+00,1.456346e-04,0.000000e+00
11/02/2012 20:00,10.833333,734910.833333,41.833333,0.000000e+00,0.000000e+00,0.000000e+00,0.000000e+00,0.000000e+00,1.457021e-04,0.000000e+00
11/02/2012 21:00,10.875000,734910.875000,41.875000,0.000000e+00,0.000000e+00,0.000000e+00,0.000000e+00,0.000000e+00,1.457676e-04,0.000000e+00
11/02/2012 22:00,10.916667,734910.916667,41.916667,0.000000e+00,0.000000e+00,0.000000e+00,0.000000e+00,0.000000e+00,1.458313e-04,0.000000e+00
11/02/2012 23:00,10.958333,734910.958333,41.958333,0.000000e+00,0.000000e+00,0.000000e+00,0.000000e+00,0.000000e+00,1.458930e-04,0.000000e+00
12/02/2012 00:00,11.000000,734911.000000,42.000000,0.000000e+00,0.000000e+00,0.000000e+00,0.000000e+00,0.000000e+00,1.459530e-04,0.000000e+00
12/02/2012 01:00,11.041667,734911.041667,42.041667,0.000000e+00,0.000000e+00,0.000000e+00,0.000000e+00,0.000000e+00,1.460111e-04,0.000000e+00
12/02/2012 02:00,11.083333,734911.083333,42.083333,0.000000e+00,0.000000e+00,0.000000e+00,0.000000e+00,0.000000e+00,1.460674e-04,0.000000e+00
12/02/2012 03:00,11.125000,734911.125000,42.125000,0.000000e+00,0.000000e+00,0.000000e+00,0.000000e+00,0.000000e+00,1.461219e-04,0.000000e+00
12/02/2012 04:00,11.166667,734911.166667,42.166667,0.000000e+00,0.000000e+00,0.000000e+00,0.000000e+00,0.000000e+00,1.461748e-04,0.000000e+00
12/02/2012 05:00,11.208333,734911.208333,42.208333,0.000000e+00,0.000000e+00,0.000000e+00,0.000000e+00,0.000000e+00,1.462259e-04,0.000000e+00
12/02/2012 06:00,11.250000,734911.250000,42.250000,0.000000e+00,0.000000e+00,0.000000e+00,0.000000e+00,0.000000e+00,1.462754e-04,0.000000e+00
12/02/2012 07:00,11.291667,734911.291667,42.291667,0.000000e+00,0.000000e+00,0.000000e+00,0.000000e+00,0.000000e+00,1.463233e-04,0.000000e+00
12/02/2012 08:00,11.333333,734911.333333,42.333333,0.000000e+00,0.000000e+00,0.000000e+00,0.000000e+00,0.000000e+00,1.463696e-04,0.000000e+00
12/02/2012 09:00,11.375000,734911.375000,42.375000,0.000000e+00,0.000000e+00,0.000000e+00,0.000000e+00,0.000000e+00,1.464143e-04,0.000000e+00
12/02/2012 10:00,11.416667,734911.416667,42.416667,0.000000e+00,0.000000e+00,0.000000e+00,0.000000e+00,0.000000e+00,1.464576e-04,0.000000e+00
12/02/2012 11:00,11.458333,734911.458333,42.458333,0.000000e+00,0.000000e+00,0.000000e+00,0.000000e+00,0.000000e+00,1.464994e-04,0.000000e+00
12/02/2012 12:00,11.500000,734911.500000,42.500000,0.000000e+00,0.000000e+00,0.000000e+00,0.000000e+00,0.000000e+00,1.465398e-04,0.000000e+00
12/02/2012 13:00,11.541667,734911.541667,42.541667,0.000000e+00,0.000000e+00,0.000000e+00,0.000000e+00,0.000000e+00,1.465788e-04,0.000000e+00
12/02/2012 14:00,11.583333,734911.583333,42.583333,0.000000e+00,0.000000e+00,0.000000e+00,0.000000e+00,0.000000e+00,1.466165e-04,0.000000e+00
12/02/2012 15:00,11.625000,734911.625000,42.625000,0.000000e+00,0.000000e+00,0.000000e+00,0.000000e+00,0.000000e+00,1.466529e-04,0.000000e+00
12/02/2012 16:00,11.666667,734911.666667,42.666667,0.000000e+00,0.000000e+00,0.000000e+00,0.000000e+00,0.000000e+00,1.466880e-04,0.000000e+00
12/02/2012 17:00,11.708333,734911.708333,42.708333,0.000000e+00,0.000000e+00,0.000000e+00,0.000000e+00,0.000000e+00,1.467219e-04,0.000000e+00
12/02/2012 18:00,11.750000,734911.750000,42.750000,0.000000e+00,0.000000e+00,0.000000e+00,0.000000e+00,0.000000e+00,1.467547e-04,0.000000e+00
12/02/2012 19:00,11.791667,734911.791667,42.791667,0.000000e+00,0.000000e+00,0.000000e+00,0.000000e+00,0.000000e+00,1.467864e-04,0.000000e+00
12/02/2012 20:00,11.833333,734911.833333,42.833333,0.000000e+00,0.000000e+00,0.000000e+00,0.000000e+00,0.000000e+00,1.468170e-04,0.000000e+00
12/02/2012 21:00,11.875000,734911.875000,42.875000,0.000000e+00,0.000000e+00,0.000000e+00,0.000000e+00,0.000000e+00,1.468465e-04,0.000000e+00
12/02/2012 22:00,11.916667,734911.916667,42.916667,0.000000e+00,0.000000e+00,0.000000e+00,0.000000e+00,0.000000e+00,1.468751e-04,0.000000e+00
12/02/2012 23:00,11.958333,734911.958333,42.958333,0.000000e+00,0.000000e+00,0.000000e+00,0.000000e+00,0.000000e+00,1.469028e-04,0.000000e+00
13/02/2012 00:00,12.000000,734912.000000,43.000000,0.000000e+00,0.000000e+00,0.000000e+00,0.000000e+00,0.000000e+00,1.469295e-04,0.000000e+00
13/02/2012 01:00,12.041667,734912.041667,43.041667,0.000000e+00,0.000000e+00,0.000000e+00,0.000000e+00,0.000000e+00,1.469554e-04,0.000000e+00
13/02/2012 02:00,12.083333,734912.083333,43.083333,0.000000e+00,0.000000e+00,0.000000e+00,0.000000e+00,0.000000e+00,1.469804e-04,0.000000e+00
13/02/2012 03:00,12.125000,734912.125000,43.125000,0.000000e+00,0.000000e+00,0.000000e+00,0.000000e+00,0.000000e+00,1.470047e-04,0.000000e+00
13/02/2012 04:00,12.166667,734912.166667,43.166667,0.000000e+00,0.000000e+00,0.000000e+00,0.000000e+00,0.000000e+00,1.470283e-04,0.000000e+00
13/02/2012 05:00,12.208333,734912.208333,43.208333,0.000000e+00,0.000000e+00,0.000000e+00,0.000000e+00,0.000000e+00,1.470512e-04,0.000000e+00
13/02/2012 06:00,12.250000,734912.250000,43.250000,0.000000e+00,0.000000e+00,0.000000e+00,0.000000e+00,0.000000e+00,1.470734e-04,0.000000e+00
13/02/2012 07:00,12.291667,734912.291667,43.291667,0.000000e+00,0.000000e+00,0.000000e+00,0.000000e+00,0.000000e+00,1.470950e-04,0.000000e+00
13/02/2012 08:00,12.333333,734912.333333,43.333333,0.000000e+00,0.000000e+00,0.000000e+00,0.000000e+00,0.000000e+00,1.471161e-04,0.000000e+00
13/02/2012 09:00,12.375000,734912.375000,43.375000,0.000000e+00,0.000000e+00,0.000000e+00,0.000000e+00,0.000000e+00,1.471366e-04,0.000000e+00
13/02/2012 10:00,12.416667,734912.416667,43.416667,0.000000e+00,0.000000e+00,0.000000e+00,0.000000e+00,0.000000e+00,1.471566e-04,0.000000e+00
13/02/2012 11:00,12.458333,734912.458333,43.458333,0.000000e+00,0.000000e+00,0.000000e+00,0.000000e+00,0.000000e+00,1.471762e-04,0.000000e+00
13/02/2012 12:00,12.500000,734912.500000,43.500000,0.000000e+00,0.000000e+00,0.000000e+00,0.000000e+00,0.000000e+00,1.471953e-04,0.000000e+00
13/02/2012 13:00,12.541667,734912.541667,43.541667,0.000000e+00,0.000000e+00,0.000000e+00,0.000000e+00,0.000000e+00,1.472141e-04,0.000000e+00
13/02/2012 14:00,12.583333,734912.583333,43.583333,0.000000e+00,0.000000e+00,0.000000e+00,0.000000e+00,0.000000e+00,1.472325e-04,0.000000e+00
13/02/2012 15:00,12.625000,734912.625000,43.625000,0.000000e+00,0.000000e+00,0.000000e+00,0.000000e+00,0.000000e+00,1.472507e-04,0.000000e+00
13/02/2012 16:00,12.666667,734912.666667,43.666667,0.000000e+00,0.000000e+00,0.000000e+00,0.000000e+00,0.000000e+00,1.472685e-04,0.000000e+00
13/02/2012 17:00,12.708333,734912.708333,43.708333,0.000000e+00,0.000000e+00,0.000000e+00,0.000000e+00,0.000000e+00,1.472861e-04,0.000000e+00
13/02/2012 18:00,12.750000,734912.750000,43.750000,0.000000e+00,0.000000e+00,0.000000e+00,0.000000e+00,0.000000e+00,1.473034e-04,0.000000e+00
13/02/2012 19:00,12.791667,734912.791667,43.791667,0.000000e+00,0.000000e+00,0.000000e+00,0.000000e+00,0.000000e+00,1.473206e-04,0.000000e+00
13/02/2012 20:00,12.833333,734912.833333,43.833333,0.000000e+00,0.000000e+00,0.000000e+00,0.000000e+00,0.000000e+00,1.473376e-04,0.000000e+00
13/02/2012 21:00,12.875000,734912.875000,43.875000,0.000000e+00,0.000000e+00,0.000000e+00,0.000000e+00,0.000000e+00,1.473544e-04,0.000000e+00
13/02/2012 22:00,12.916667,734912.916667,43.916667,0.000000e+00,0.000000e+00,0.000000e+00,0.000000e+00,0.000000e+00,1.473712e-04,0.000000e+00
13/02/2012 23:00,12.958333,734912.958333,43.958333,0.000000e+00,0.000000e+00,0.000000e+00,0.000000e+00,0.000000e+00,1.473878e-04,0.000000e+00
14/02/2012 00:00,13.000000,734913.000000,44.000000,0.000000e+00,0.000000e+00,0.000000e+00,0.000000e+00,0.000000e+00,1.474044e-04,0.000000e+00
14/02/2012 01:00,13.041667,734913.041667,44.041667,0.000000e+00,0.000000e+00,0.000000e+00,0.000000e+00,0.000000e+00,1.474209e-04,0.000000e+00
14/02/2012 02:00,13.083333,734913.083333,44.083333,0.000000e+00,0.000000e+00,0.000000e+00,0.000000e+00,0.000000e+00,1.474374e-04,0.000000e+00
14/02/2012 03:00,13.125000,734913.125000,44.125000,0.000000e+00,0.000000e+00,0.000000e+00,0.000000e+00,0.000000e+00,1.474539e-04,0.000000e+00
14/02/2012 04:00,13.166667,734913.166667,44.166667,0.000000e+00,0.000000e+00,0.000000e+00,0.000000e+00,0.000000e+00,1.474704e-04,0.000000e+00
14/02/2012 05:00,13.208333,734913.208333,44.208333,0.000000e+00,0.000000e+00,0.000000e+00,0.000000e+00,0.000000e+00,1.474870e-04,0.000000e+00
14/02/2012 06:00,13.250000,734913.250000,44.250000,0.000000e+00,0.000000e+00,0.000000e+00,0.000000e+00,0.000000e+00,1.475035e-04,0.000000e+00
14/02/2012 07:00,13.291667,734913.291667,44.291667,0.000000e+00,0.000000e+00,0.000000e+00,0.000000e+00,0.000000e+00,1.475201e-04,0.000000e+00
14/02/2012 08:00,13.333333,734913.333333,44.333333,0.000000e+00,0.000000e+00,0.000000e+00,0.000000e+00,0.000000e+00,1.475368e-04,0.000000e+00
14/02/2012 09:00,13.375000,734913.375000,44.375000,0.000000e+00,0.000000e+00,0.000000e+00,0.000000e+00,0.000000e+00,1.475536e-04,0.000000e+00
14/02/2012 10:00,13.416667,734913.416667,44.416667,0.000000e+00,0.000000e+00,0.000000e+00,0.000000e+00,0.000000e+00,1.475704e-04,0.000000e+00
14/02/2012 11:00,13.458333,734913.458333,44.458333,0.000000e+00,0.000000e+00,0.000000e+00,0.000000e+00,0.000000e+00,1.475873e-04,0.000000e+00
14/02/2012 12:00,13.500000,734913.500000,44.500000,0.000000e+00,0.000000e+00,0.000000e+00,0.000000e+00,0.000000e+00,1.476043e-04,0.000000e+00
14/02/2012 13:00,13.541667,734913.541667,44.541667,0.000000e+00,0.000000e+00,0.000000e+00,0.000000e+00,0.000000e+00,1.476215e-04,0.000000e+00
14/02/2012 14:00,13.583333,734913.583333,44.583333,0.000000e+00,0.000000e+00,0.000000e+00,0.000000e+00,0.000000e+00,1.476387e-04,0.000000e+00
14/02/2012 15:00,13.625000,734913.625000,44.625000,0.000000e+00,0.000000e+00,0.000000e+00,0.000000e+00,0.000000e+00,1.476560e-04,0.000000e+00
14/02/2012 16:00,13.666667,734913.666667,44.666667,0.000000e+00,0.000000e+00,0.000000e+00,0.000000e+00,0.000000e+00,1.476734e-04,0.000000e+00
14/02/2012 17:00,13.708333,734913.708333,44.708333,0.000000e+00,0.000000e+00,0.000000e+00,0.000000e+00,0.000000e+00,1.476909e-04,0.000000e+00
14/02/2012 18:00,13.750000,734913.750000,44.750000,0.000000e+00,0.000000e+00,0.000000e+00,0.000000e+00,0.000000e+00,1.477085e-04,0.000000e+00
14/02/2012 19:00,13.791667,734913.791667,44.791667,0.000000e+00,0.000000e+00,0.000000e+00,0.000000e+00,0.000000e+00,1.477263e-04,0.000000e+00
14/02/2012 20:00,13.833333,734913.833333,44.833333,0.000000e+00,0.000000e+00,0.000000e+00,0.000000e+00,0.000000e+00,1.477441e-04,0.000000e+00
14/02/2012 21:00,13.875000,734913.875000,44.875000,0.000000e+00,0.000000e+00,0.000000e+00,0.000000e+00,0.000000e+00,1.477620e-04,0.000000e+00
14/02/2012 22:00,13.916667,734913.916667,44.916667,0.000000e+00,0.000000e+00,0.000000e+00,0.000000e+00,0.000000e+00,1.477800e-04,0.000000e+00
14/02/2012 23:00,13.958333,734913.958333,44.958333,0.000000e+00,0.000000e+00,0.000000e+00,0.000000e+00,0.000000e+00,1.477981e-04,0.000000e+00
15/02/2012 00:00,14.000000,734914.000000,45.000000,0.000000e+00,0.000000e+00,0.000000e+00,0.000000e+00,0.000000e+00,1.478162e-04,0.000000e+00
15/02/2012 01:00,14.041667,734914.041667,45.041667,0.000000e+00,0.000000e+00,0.000000e+00,0.000000e+00,0.000000e+00,1.478344e-04,0.000000e+00
15/02/2012 02:00,14.083333,734914.083333,45.083333,0.000000e+00,0.000000e+00,0.000000e+00,0.000000e+00,0.000000e+00,1.478526e-04,0.000000e+00
15/02/2012 03:00,14.125000,734914.125000,45.125000,0.000000e+00,0.000000e+00,0.000000e+00,0.000000e+00,0.000000e+00,1.478709e-04,0.000000e+00
15/02/2012 04:00,14.166667,734914.166667,45.166667,0.000000e+00,0.000000e+00,0.000000e+00,0.000000e+00,0.000000e+00,1.478892e-04,0.000000e+00
15/02/2012 05:00,14.208333,734914.208333,45.208333,0.000000e+00,0.000000e+00,0.000000e+00,0.000000e+00,0.000000e+00,1.479076e-04,0.000000e+00
15/02/2012 06:00,14.250000,734914.250000,45.250000,0.000000e+00,0.000000e+00,0.000000e+00,0.000000e+00,0.000000e+00,1.479259e-04,0.000000e+00
15/02/2012 07:00,14.291667,734914.291667,45.291667,0.000000e+00,0.000000e+00,0.000000e+00,0.000000e+00,0.000000e+00,1.479442e-04,0.000000e+00
15/02/2012 08:00,14.333333,734914.333333,45.333333,0.000000e+00,0.000000e+00,0.000000e+00,0.000000e+00,0.000000e+00,1.479625e-04,0.000000e+00
15/02/2012 09:00,14.375000,734914.375000,45.375000,0.000000e+00,0.000000e+00,0.000000e+00,0.000000e+00,0.000000e+00,1.479808e-04,0.000000e+00
15/02/2012 10:00,14.416667,734914.416667,45.416667,0.000000e+00,0.000000e+00,0.000000e+00,0.000000e+00,0.000000e+00,1.479990e-04,0.000000e+00
15/02/2012 11:00,14.458333,734914.458333,45.458333,0.000000e+00,0.000000e+00,0.000000e+00,0.000000e+00,0.000000e+00,1.480172e-04,0.000000e+00
15/02/2012 12:00,14.500000,734914.500000,45.500000,0.000000e+00,0.000000e+00,0.000000e+00,0.000000e+00,0.000000e+00,1.480353e-04,0.000000e+00
15/02/2012 13:00,14.541667,734914.541667,45.541667,0.000000e+00,0.000000e+00,0.000000e+00,0.000000e+00,0.000000e+00,1.480532e-04,0.000000e+00
15/02/2012 14:00,14.583333,734914.583333,45.583333,0.000000e+00,0.000000e+00,0.000000e+00,0.000000e+00,0.000000e+00,1.480711e-04,0.000000e+00
15/02/2012 15:00,14.625000,734914.625000,45.625000,0.000000e+00,0.000000e+00,0.000000e+00,0.000000e+00,0.000000e+00,1.480889e-04,0.000000e+00
15/02/2012 16:00,14.666667,734914.666667,45.666667,0.000000e+00,0.000000e+00,0.000000e+00,0.000000e+00,0.000000e+00,1.481065e-04,0.000000e+00
15/02/2012 17:00,14.708333,734914.708333,45.708333,0.000000e+00,0.000000e+00,0.000000e+00,0.000000e+00,0.000000e+00,1.481239e-04,0.000000e+00
15/02/2012 18:00,14.750000,734914.750000,45.750000,0.000000e+00,0.000000e+00,0.000000e+00,0.000000e+00,0.000000e+00,1.481412e-04,0.000000e+00
15/02/2012 19:00,14.791667,734914.791667,45.791667,0.000000e+00,0.000000e+00,0.000000e+00,0.000000e+00,0.000000e+00,1.481582e-04,0.000000e+00
15/02/2012 20:00,14.833333,734914.833333,45.833333,0.000000e+00,0.000000e+00,0.000000e+00,0.000000e+00,0.000000e+00,1.481751e-04,0.000000e+00
15/02/2012 21:00,14.875000,734914.875000,45.875000,0.000000e+00,0.000000e+00,0.000000e+00,0.000000e+00,0.000000e+00,1.481917e-04,0.000000e+00
15/02/2012 22:00,14.916667,734914.916667,45.916667,0.000000e+00,0.000000e+00,0.000000e+00,0.000000e+00,0.000000e+00,1.482081e-04,0.000000e+00
15/02/2012 23:00,14.958333,734914.958333,45.958333,0.000000e+00,0.000000e+00,0.000000e+00,0.000000e+00,0.000000e+00,1.482243e-04,0.000000e+00
16/02/2012 00:00,15.000000,734915.000000,46.000000,0.000000e+00,0.000000e+00,0.000000e+00,0.000000e+00,0.000000e+00,1.482402e-04,0.000000e+00
16/02/2012 01:00,15.041667,734915.041667,46.041667,0.000000e+00,0.000000e+00,0.000000e+00,0.000000e+00,0.000000e+00,1.482558e-04,0.000000e+00
16/02/2012 02:00,15.083333,734915.083333,46.083333,0.000000e+00,0.000000e+00,0.000000e+00,0.000000e+00,0.000000e+00,1.482710e-04,0.000000e+00
16/02/2012 03:00,15.125000,734915.125000,46.125000,0.000000e+00,0.000000e+00,0.000000e+00,0.000000e+00,0.000000e+00,1.482860e-04,0.000000e+00
16/02/2012 04:00,15.166667,734915.166667,46.166667,0.000000e+00,0.000000e+00,0.000000e+00,0.000000e+00,0.000000e+00,1.483007e-04,0.000000e+00
16/02/2012 05:00,15.208333,734915.208333,46.208333,0.000000e+00,0.000000e+00,0.000000e+00,0.000000e+00,0.000000e+00,1.483150e-04,0.000000e+00
16/02/2012 06:00,15.250000,734915.250000,46.250000,0.000000e+00,0.000000e+00,0.000000e+00,0.000000e+00,0.000000e+00,1.483289e-04,0.000000e+00
16/02/2012 07:00,15.291667,734915.291667,46.291667,0.000000e+00,0.000000e+00,0.000000e+00,0.000000e+00,0.000000e+00,1.483425e-04,0.000000e+00
16/02/2012 08:00,15.333333,734915.333333,46.333333,0.000000e+00,0.000000e+00,0.000000e+00,0.000000e+00,0.000000e+00,1.483556e-04,0.000000e+00
16/02/2012 09:00,15.375000,734915.375000,46.375000,0.000000e+00,0.000000e+00,0.000000e+00,0.000000e+00,0.000000e+00,1.483684e-04,0.000000e+00
16/02/2012 10:00,15.416667,734915.416667,46.416667,0.000000e+00,0.000000e+00,0.000000e+00,0.000000e+00,0.000000e+00,1.483808e-04,0.000000e+00
16/02/2012 11:00,15.458333,734915.458333,46.458333,0.000000e+00,0.000000e+00,0.000000e+00,0.000000e+00,0.000000e+00,1.483927e-04,0.000000e+00
16/02/2012 12:00,15.500000,734915.500000,46.500000,0.000000e+00,0.000000e+00,0.000000e+00,0.000000e+00,0.000000e+00,1.484043e-04,0.000000e+00
16/02/2012 13:00,15.541667,734915.541667,46.541667,0.000000e+00,0.000000e+00,0.000000e+00,0.000000e+00,0.000000e+00,1.484153e-04,0.000000e+00
16/02/2012 14:00,15.583333,734915.583333,46.583333,0.000000e+00,0.000000e+00,0.000000e+00,0.000000e+00,0.000000e+00,1.484259e-04,0.000000e+00
16/02/2012 15:00,15.625000,734915.625000,46.625000,0.000000e+00,0.000000e+00,0.000000e+00,0.000000e+00,0.000000e+00,1.484361e-04,0.000000e+00
16/02/2012 16:00,15.666667,734915.666667,46.666667,0.000000e+00,0.000000e+00,0.000000e+00,0.000000e+00,0.000000e+00,1.484457e-04,0.000000e+00
16/02/2012 17:00,15.708333,734915.708333,46.708333,0.000000e+00,0.000000e+00,0.000000e+00,0.000000e+00,0.000000e+00,1.484549e-04,0.000000e+00
16/02/2012 18:00,15.750000,734915.750000,46.750000,0.000000e+00,0.000000e+00,0.000000e+00,0.000000e+00,0.000000e+00,1.484635e-04,0.000000e+00
16/02/2012 19:00,15.791667,734915.791667,46.791667,0.000000e+00,0.000000e+00,0.000000e+00,0.000000e+00,0.000000e+00,1.484717e-04,0.000000e+00
16/02/2012 20:00,15.833333,734915.833333,46.833333,0.000000e+00,0.000000e+00,0.000000e+00,0.000000e+00,0.000000e+00,1.484794e-04,0.000000e+00
16/02/2012 21:00,15.875000,734915.875000,46.875000,0.000000e+00,0.000000e+00,0.000000e+00,0.000000e+00,0.000000e+00,1.484865e-04,0.000000e+00
16/02/2012 22:00,15.916667,734915.916667,46.916667,0.000000e+00,0.000000e+00,0.000000e+00,0.000000e+00,0.000000e+00,1.484931e-04,0.000000e+00
16/02/2012 23:00,15.958333,734915.958333,46.958333,0.000000e+00,0.000000e+00,0.000000e+00,0.000000e+00,0.000000e+00,1.484991e-04,0.000000e+00
17/02/2012 00:00,16.000000,734916.000000,47.000000,0.000000e+00,0.000000e+00,0.000000e+00,0.000000e+00,0.000000e+00,1.485047e-04,0.000000e+00
17/02/2012 01:00,16.041667,734916.041667,47.041667,0.000000e+00,0.000000e+00,0.000000e+00,0.000000e+00,0.000000e+00,1.485096e-04,0.000000e+00
17/02/2012 02:00,16.083333,734916.083333,47.083333,0.000000e+00,0.000000e+00,0.000000e+00,0.000000e+00,0.000000e+00,1.485141e-04,0.000000e+00
17/02/2012 03:00,16.125000,734916.125000,47.125000,0.000000e+00,0.000000e+00,0.000000e+00,0.000000e+00,0.000000e+00,1.485179e-04,0.000000e+00
17/02/2012 04:00,16.166667,734916.166667,47.166667,0.000000e+00,0.000000e+00,0.000000e+00,0.000000e+00,0.000000e+00,1.485212e-04,0.000000e+00
17/02/2012 05:00,16.208333,734916.208333,47.208333,0.000000e+00,0.000000e+00,0.000000e+00,0.000000e+00,0.000000e+00,1.485239e-04,0.000000e+00
17/02/2012 06:00,16.250000,734916.250000,47.250000,0.000000e+00,0.000000e+00,0.000000e+00,0.000000e+00,0.000000e+00,1.485261e-04,0.000000e+00
17/02/2012 07:00,16.291667,734916.291667,47.291667,0.000000e+00,0.000000e+00,0.000000e+00,0.000000e+00,0.000000e+00,1.485277e-04,0.000000e+00
17/02/2012 08:00,16.333333,734916.333333,47.333333,0.000000e+00,0.000000e+00,0.000000e+00,0.000000e+00,0.000000e+00,1.485287e-04,0.000000e+00
17/02/2012 09:00,16.375000,734916.375000,47.375000,0.000000e+00,0.000000e+00,0.000000e+00,0.000000e+00,0.000000e+00,1.485291e-04,0.000000e+00
17/02/2012 10:00,16.416667,734916.416667,47.416667,0.000000e+00,0.000000e+00,0.000000e+00,0.000000e+00,0.000000e+00,1.485289e-04,0.000000e+00
17/02/2012 11:00,16.458333,734916.458333,47.458333,0.000000e+00,0.000000e+00,0.000000e+00,0.000000e+00,0.000000e+00,1.485282e-04,0.000000e+00
17/02/2012 12:00,16.500000,734916.500000,47.500000,0.000000e+00,0.000000e+00,0.000000e+00,0.000000e+00,0.000000e+00,1.485269e-04,0.000000e+00
17/02/2012 13:00,16.541667,734916.541667,47.541667,0.000000e+00,0.000000e+00,0.000000e+00,0.000000e+00,0.000000e+00,1.485250e-04,0.000000e+00
17/02/2012 14:00,16.583333,734916.583333,47.583333,0.000000e+00,0.000000e+00,0.000000e+00,0.000000e+00,0.000000e+00,1.485225e-04,0.000000e+00
17/02/2012 15:00,16.625000,734916.625000,47.625000,0.000000e+00,0.000000e+00,0.000000e+00,0.000000e+00,0.000000e+00,1.485194e-04,0.000000e+00
17/02/2012 16:00,16.666667,734916.666667,47.666667,0.000000e+00,0.000000e+00,0.000000e+00,0.000000e+00,0.000000e+00,1.485157e-04,0.000000e+00
17/02/2012 17:00,16.708333,734916.708333,47.708333,0.000000e+00,0.000000e+00,0.000000e+00,0.000000e+00,0.000000e+00,1.485115e-04,0.000000e+00
17/02/2012 18:00,16.750000,734916.750000,47.750000,0.000000e+00,0.000000e+00,0.000000e+00,0.000000e+00,0.000000e+00,1.485066e-04,0.000000e+00
17/02/2012 19:00,16.791667,734916.791667,47.791667,0.000000e+00,0.000000e+00,0.000000e+00,0.000000e+00,0.000000e+00,1.485012e-04,0.000000e+00
17/02/2012 20:00,16.833333,734916.833333,47.833333,0.000000e+00,0.000000e+00,0.000000e+00,0.000000e+00,0.000000e+00,1.484952e-04,0.000000e+00
17/02/2012 21:00,16.875000,734916.875000,47.875000,0.000000e+00,0.000000e+00,0.000000e+00,0.000000e+00,0.000000e+00,1.484886e-04,0.000000e+00
17/02/2012 22:00,16.916667,734916.916667,47.916667,0.000000e+00,0.000000e+00,0.000000e+00,0.000000e+00,0.000000e+00,1.484814e-04,0.000000e+00
17/02/2012 23:00,16.958333,734916.958333,47.958333,0.000000e+00,0.000000e+00,0.000000e+00,0.000000e+00,0.000000e+00,1.484737e-04,0.000000e+00
18/02/2012 00:00,17.000000,734917.000000,48.000000,0.000000e+00,0.000000e+00,0.000000e+00,0.000000e+00,0.000000e+00,1.484654e-04,0.000000e+00
18/02/2012 01:00,17.041667,734917.041667,48.041667,0.000000e+00,0.000000e+00,0.000000e+00,0.000000e+00,0.000000e+00,1.484565e-04,0.000000e+00
18/02/2012 02:00,17.083333,734917.083333,48.083333,0.000000e+00,0.000000e+00,0.000000e+00,0.000000e+00,0.000000e+00,1.484470e-04,0.000000e+00
18/02/2012 03:00,17.125000,734917.125000,48.125000,0.000000e+00,0.000000e+00,0.000000e+00,0.000000e+00,0.000000e+00,1.484370e-04,0.000000e+00
18/02/2012 04:00,17.166667,734917.166667,48.166667,0.000000e+00,0.000000e+00,0.000000e+00,0.000000e+00,0.000000e+00,1.484264e-04,0.000000e+00
18/02/2012 05:00,17.208333,734917.208333,48.208333,0.000000e+00,0.000000e+00,0.000000e+00,0.000000e+00,0.000000e+00,1.484153e-04,0.000000e+00
18/02/2012 06:00,17.250000,734917.250000,48.250000,0.000000e+00,0.000000e+00,0.000000e+00,0.000000e+00,0.000000e+00,1.484036e-04,0.000000e+00
18/02/2012 07:00,17.291667,734917.291667,48.291667,0.000000e+00,0.000000e+00,0.000000e+00,0.000000e+00,0.000000e+00,1.483913e-04,0.000000e+00
18/02/2012 08:00,17.333333,734917.333333,48.333333,0.000000e+00,0.000000e+00,0.000000e+00,0.000000e+00,0.000000e+00,1.483785e-04,0.000000e+00
18/02/2012 09:00,17.375000,734917.375000,48.375000,0.000000e+00,0.000000e+00,0.000000e+00,0.000000e+00,0.000000e+00,1.483652e-04,0.000000e+00
18/02/2012 10:00,17.416667,734917.416667,48.416667,0.000000e+00,0.000000e+00,0.000000e+00,0.000000e+00,0.000000e+00,1.483513e-04,0.000000e+00
18/02/2012 11:00,17.458333,734917.458333,48.458333,0.000000e+00,0.000000e+00,0.000000e+00,0.000000e+00,0.000000e+00,1.483369e-04,0.000000e+00
18/02/2012 12:00,17.500000,734917.500000,48.500000,0.000000e+00,0.000000e+00,0.000000e+00,0.000000e+00,0.000000e+00,1.483220e-04,0.000000e+00
18/02/2012 13:00,17.541667,734917.541667,48.541667,0.000000e+00,0.000000e+00,0.000000e+00,0.000000e+00,0.000000e+00,1.483065e-04,0.000000e+00
18/02/2012 14:00,17.583333,734917.583333,48.583333,0.000000e+00,0.000000e+00,0.000000e+00,0.000000e+00,0.000000e+00,1.482905e-04,0.000000e+00
18/02/2012 15:00,17.625000,734917.625000,48.625000,0.000000e+00,0.000000e+00,0.000000e+00,0.000000e+00,0.000000e+00,1.482740e-04,0.000000e+00
18/02/2012 16:00,17.666667,734917.666667,48.666667,0.000000e+00,0.000000e+00,0.000000e+00,0.000000e+00,0.000000e+00,1.482570e-04,0.000000e+00
18/02/2012 17:00,17.708333,734917.708333,48.708333,0.000000e+00,0.000000e+00,0.000000e+00,0.000000e+00,0.000000e+00,1.482395e-04,0.000000e+00
18/02/2012 18:00,17.750000,734917.750000,48.750000,0.000000e+00,0.000000e+00,0.000000e+00,0.000000e+00,0.000000e+00,1.482215e-04,0.000000e+00
18/02/2012 19:00,17.791667,734917.791667,48.791667,0.000000e+00,0.000000e+00,0.000000e+00,0.000000e+00,0.000000e+00,1.482030e-04,0.000000e+00
18/02/2012 20:00,17.833333,734917.833333,48.833333,0.000000e+00,0.000000e+00,0.000000e+00,0.000000e+00,0.000000e+00,1.481840e-04,0.000000e+00
18/02/2012 21:00,17.875000,734917.875000,48.875000,0.000000e+00,0.000000e+00,0.000000e+00,0.000000e+00,0.000000e+00,1.481645e-04,0.000000e+00
18/02/2012 22:00,17.916667,734917.916667,48.916667,0.000000e+00,0.000000e+00,0.000000e+00,0.000000e+00,0.000000e+00,1.481446e-04,0.000000e+00
18/02/2012 23:00,17.958333,734917.958333,48.958333,0.000000e+00,0.000000e+00,0.000000e+00,0.000000e+00,0.000000e+00,1.481241e-04,0.000000e+00
19/02/2012 00:00,18.000000,734918.000000,49.000000,0.000000e+00,0.000000e+00,0.000000e+00,0.000000e+00,0.000000e+00,1.481033e-04,0.000000e+00
19/02/2012 01:00,18.041667,734918.041667,49.041667,0.000000e+00,0.000000e+00,0.000000e+00,0.000000e+00,0.000000e+00,1.480819e-04,0.000000e+00
19/02/2012 02:00,18.083333,734918.083333,49.083333,0.000000e+00,0.000000e+00,0.000000e+00,0.000000e+00,0.000000e+00,1.480601e-04,0.000000e+00
19/02/2012 03:00,18.125000,734918.125000,49.125000,0.000000e+00,0.000000e+00,0.000000e+00,0.000000e+00,0.000000e+00,1.480378e-04,0.000000e+00
19/02/2012 04:00,18.166667,734918.166667,49.166667,0.000000e+00,0.000000e+00,0.000000e+00,0.000000e+00,0.000000e+00,1.480151e-04,0.000000e+00
19/02/2012 05:00,18.208333,734918.208333,49.208333,0.000000e+00,0.000000e+00,0.000000e+00,0.000000e+00,0.000000e+00,1.479920e-04,0.000000e+00
19/02/2012 06:00,18.250000,734918.250000,49.250000,0.000000e+00,0.000000e+00,0.000000e+00,0.000000e+00,0.000000e+00,1.479684e-04,0.000000e+00
19/02/2012 07:00,18.291667,734918.291667,49.291667,0.000000e+00,0.000000e+00,0.000000e+00,0.000000e+00,0.000000e+00,1.479444e-04,0.000000e+00
19/02/2012 08:00,18.333333,734918.333333,49.333333,0.000000e+00,0.000000e+00,0.000000e+00,0.000000e+00,0.000000e+00,1.479200e-04,0.000000e+00
19/02/2012 09:00,18.375000,734918.375000,49.375000,0.000000e+00,0.000000e+00,0.000000e+00,0.000000e+00,0.000000e+00,1.478952e-04,0.000000e+00
19/02/2012 10:00,18.416667,734918.416667,49.416667,0.000000e+00,0.000000e+00,0.000000e+00,0.000000e+00,0.000000e+00,1.478699e-04,0.000000e+00
19/02/2012 11:00,18.458333,734918.458333,49.458333,0.000000e+00,0.000000e+00,0.000000e+00,0.000000e+00,0.000000e+00,1.478443e-04,0.000000e+00
19/02/2012 12:00,18.500000,734918.500000,49.500000,0.000000e+00,0.000000e+00,0.000000e+00,0.000000e+00,0.000000e+00,1.478183e-04,0.000000e+00
19/02/2012 13:00,18.541667,734918.541667,49.541667,0.000000e+00,0.000000e+00,0.000000e+00,0.000000e+00,0.000000e+00,1.477918e-04,0.000000e+00
19/02/2012 14:00,18.583333,734918.583333,49.583333,0.000000e+00,0.000000e+00,0.000000e+00,0.000000e+00,0.000000e+00,1.477650e-04,0.000000e+00
19/02/2012 15:00,18.625000,734918.625000,49.625000,0.000000e+00,0.000000e+00,0.000000e+00,0.000000e+00,0.000000e+00,1.477378e-04,0.000000e+00
19/02/2012 16:00,18.666667,734918.666667,49.666667,0.000000e+00,0.000000e+00,0.000000e+00,0.000000e+00,0.000000e+00,1.477102e-04,0.000000e+00
19/02/2012 17:00,18.708333,734918.708333,49.708333,0.000000e+00,0.000000e+00,0.000000e+00,0.000000e+00,0.000000e+00,1.476823e-04,0.000000e+00
19/02/2012 18:00,18.750000,734918.750000,49.750000,0.000000e+00,0.000000e+00,0.000000e+00,0.000000e+00,0.000000e+00,1.476540e-04,0.000000e+00
19/02/2012 19:00,18.791667,734918.791667,49.791667,0.000000e+00,0.000000e+00,0.000000e+00,0.000000e+00,0.000000e+00,1.476254e-04,0.000000e+00
19/02/2012 20:00,18.833333,734918.833333,49.833333,0.000000e+00,0.000000e+00,0.000000e+00,0.000000e+00,0.000000e+00,1.475964e-04,0.000000e+00
19/02/2012 21:00,18.875000,734918.875000,49.875000,0.000000e+00,0.000000e+00,0.000000e+00,0.000000e+00,0.000000e+00,1.475670e-04,0.000000e+00
19/02/2012 22:00,18.916667,734918.916667,49.916667,0.000000e+00,0.000000e+00,0.000000e+00,0.000000e+00,0.000000e+00,1.475373e-04,0.000000e+00
19/02/2012 23:00,18.958333,734918.958333,49.958333,0.000000e+00,0.000000e+00,0.000000e+00,0.000000e+00,0.000000e+00,1.475073e-04,0.000000e+00
20/02/2012 00:00,19.000000,734919.000000,50.000000,0.000000e+00,0.000000e+00,0.000000e+00,0.000000e+00,0.000000e+00,1.474769e-04,0.000000e+00
20/02/2012 01:00,19.041667,734919.041667,50.041667,0.000000e+00,0.000000e+00,0.000000e+00,0.000000e+00,0.000000e+00,1.474463e-04,0.000000e+00
20/02/2012 02:00,19.083333,734919.083333,50.083333,0.000000e+00,0.000000e+00,0.000000e+00,0.000000e+00,0.000000e+00,1.474153e-04,0.000000e+00
20/02/2012 03:00,19.125000,734919.125000,50.125000,0.000000e+00,0.000000e+00,0.000000e+00,0.000000e+00,0.000000e+00,1.473839e-04,0.000000e+00
20/02/2012 04:00,19.166667,734919.166667,50.166667,0.000000e+00,0.000000e+00,0.000000e+00,0.000000e+00,0.000000e+00,1.473523e-04,0.000000e+00
20/02/2012 05:00,19.208333,734919.208333,50.208333,0.000000e+00,0.000000e+00,0.000000e+00,0.000000e+00,0.000000e+00,1.473204e-04,0.000000e+00
20/02/2012 06:00,19.250000,734919.250000,50.250000,0.000000e+00,0.000000e+00,0.000000e+00,0.000000e+00,0.000000e+00,1.472882e-04,0.000000e+00
20/02/2012 07:00,19.291667,734919.291667,50.291667,0.000000e+00,0.000000e+00,0.000000e+00,0.000000e+00,0.000000e+00,1.472557e-04,0.000000e+00
20/02/2012 08:00,19.333333,734919.333333,50.333333,0.000000e+00,0.000000e+00,0.000000e+00,0.000000e+00,0.000000e+00,1.472229e-04,0.000000e+00
20/02/2012 09:00,19.375000,734919.375000,50.375000,0.000000e+00,0.000000e+00,0.000000e+00,0.000000e+00,0.000000e+00,1.471898e-04,0.000000e+00
20/02/2012 10:00,19.416667,734919.416667,50.416667,0.000000e+00,0.000000e+00,0.000000e+00,0.000000e+00,0.000000e+00,1.471564e-04,0.000000e+00
20/02/2012 11:00,19.458333,734919.458333,50.458333,0.000000e+00,0.000000e+00,0.000000e+00,0.000000e+00,0.000000e+00,1.471228e-04,0.000000e+00
20/02/2012 12:00,19.500000,734919.500000,50.500000,0.000000e+00,0.000000e+00,0.000000e+00,0.000000e+00,0.000000e+00,1.470889e-04,0.000000e+00
20/02/2012 13:00,19.541667,734919.541667,50.541667,0.000000e+00,0.000000e+00,0.000000e+00,0.000000e+00,0.000000e+00,1.470547e-04,0.000000e+00
20/02/2012 14:00,19.583333,734919.583333,50.583333,0.000000e+00,0.000000e+00,0.000000e+00,0.000000e+00,0.000000e+00,1.470203e-04,0.000000e+00
20/02/2012 15:00,19.625000,734919.625000,50.625000,0.000000e+00,0.000000e+00,0.000000e+00,0.000000e+00,0.000000e+00,1.469856e-04,0.000000e+00
20/02/2012 16:00,19.666667,734919.666667,50.666667,0.000000e+00,0.000000e+00,0.000000e+00,0.000000e+00,0.000000e+00,1.469507e-04,0.000000e+00
20/02/2012 17:00,19.708333,734919.708333,50.708333,0.000000e+00,0.000000e+00,0.000000e+00,0.000000e+00,0.000000e+00,1.469155e-04,0.000000e+00
20/02/2012 18:00,19.750000,734919.750000,50.750000,0.000000e+00,0.000000e+00,0.000000e+00,0.000000e+00,0.000000e+00,1.468801e-04,0.000000e+00
20/02/2012 19:00,19.791667,734919.791667,50.791667,0.000000e+00,0.000000e+00,0.000000e+00,0.000000e+00,0.000000e+00,1.468444e-04,0.000000e+00
20/02/2012 20:00,19.833333,734919.833333,50.833333,0.000000e+00,0.000000e+00,0.000000e+00,0.000000e+00,0.000000e+00,1.468085e-04,0.000000e+00
20/02/2012 21:00,19.875000,734919.875000,50.875000,0.000000e+00,0.000000e+00,0.000000e+00,0.000000e+00,0.000000e+00,1.467724e-04,0.000000e+00
20/02/2012 22:00,19.916667,734919.916667,50.916667,0.000000e+00,0.000000e+00,0.000000e+00,0.000000e+00,0.000000e+00,1.467361e-04,0.000000e+00
20/02/2012 23:00,19.958333,734919.958333,50.958333,0.000000e+00,0.000000e+00,0.000000e+00,0.000000e+00,0.000000e+00,1.466995e-04,0.000000e+00
21/02/2012 00:00,20.000000,734920.000000,51.000000,0.000000e+00,0.000000e+00,0.000000e+00,0.000000e+00,0.000000e+00,1.466627e-04,0.000000e+00
21/02/2012 01:00,20.041667,734920.041667,51.041667,0.000000e+00,0.000000e+00,0.000000e+00,0.000000e+00,0.000000e+00,1.466257e-04,0.000000e+00
21/02/2012 02:00,20.083333,734920.083333,51.083333,0.000000e+00,0.000000e+00,0.000000e+00,0.000000e+00,0.000000e+00,1.465885e-04,0.000000e+00
21/02/2012 03:00,20.125000,734920.125000,51.125000,0.000000e+00,0.000000e+00,0.000000e+00,0.000000e+00,0.000000e+00,1.465511e-04,0.000000e+00
21/02/2012 04:00,20.166667,734920.166667,51.166667,0.000000e+00,0.000000e+00,0.000000e+00,0.000000e+00,0.000000e+00,1.465135e-04,0.000000e+00
21/02/2012 05:00,20.208333,734920.208333,51.208333,0.000000e+00,0.000000e+00,0.000000e+00,0.000000e+00,0.000000e+00,1.464758e-04,0.000000e+00
21/02/2012 06:00,20.250000,734920.250000,51.250000,0.000000e+00,0.000000e+00,0.000000e+00,0.000000e+00,0.000000e+00,1.464378e-04,0.000000e+00
21/02/2012 07:00,20.291667,734920.291667,51.291667,0.000000e+00,0.000000e+00,0.000000e+00,0.000000e+00,0.000000e+00,1.463996e-04,0.000000e+00
21/02/2012 08:00,20.333333,734920.333333,51.333333,0.000000e+00,0.000000e+00,0.000000e+00,0.000000e+00,0.000000e+00,1.463612e-04,0.000000e+00
21/02/2012 09:00,20.375000,734920.375000,51.375000,0.000000e+00,0.000000e+00,0.000000e+00,0.000000e+00,0.000000e+00,1.463227e-04,0.000000e+00
21/02/2012 10:00,20.416667,734920.416667,51.416667,0.000000e+00,0.000000e+00,0.000000e+00,0.000000e+00,0.000000e+00,1.462840e-04,0.000000e+00
21/02/2012 11:00,20.458333,734920.458333,51.458333,0.000000e+00,0.000000e+00,0.000000e+00,0.000000e+00,0.000000e+00,1.462451e-04,0.000000e+00
21/02/2012 12:00,20.500000,734920.500000,51.500000,0.000000e+00,0.000000e+00,0.000000e+00,0.000000e+00,0.000000e+00,1.462061e-04,0.000000e+00
21/02/2012 13:00,20.541667,734920.541667,51.541667,0.000000e+00,0.000000e+00,0.000000e+00,0.000000e+00,0.000000e+00,1.461669e-04,0.000000e+00
21/02/2012 14:00,20.583333,734920.583333,51.583333,0.000000e+00,0.000000e+00,0.000000e+00,0.000000e+00,0.000000e+00,1.461275e-04,0.000000e+00
21/02/2012 15:00,20.625000,734920.625000,51.625000,0.000000e+00,0.000000e+00,0.000000e+00,0.000000e+00,0.000000e+00,1.460880e-04,0.000000e+00
21/02/2012 16:00,20.666667,734920.666667,51.666667,0.000000e+00,0.000000e+00,0.000000e+00,0.000000e+00,0.000000e+00,1.460483e-04,0.000000e+00
21/02/2012 17:00,20.708333,734920.708333,51.708333,0.000000e+00,0.000000e+00,0.000000e+00,0.000000e+00,0.000000e+00,1.460085e-04,0.000000e+00
21/02/2012 18:00,20.750000,734920.750000,51.750000,0.000000e+00,0.000000e+00,0.000000e+00,0.000000e+00,0.000000e+00,1.459686e-04,0.000000e+00
21/02/2012 19:00,20.791667,734920.791667,51.791667,0.000000e+00,0.000000e+00,0.000000e+00,0.000000e+00,0.000000e+00,1.459285e-04,0.000000e+00
21/02/2012 20:00,20.833333,734920.833333,51.833333,0.000000e+00,0.000000e+00,0.000000e+00,0.000000e+00,0.000000e+00,1.458883e-04,0.000000e+00
21/02/2012 21:00,20.875000,734920.875000,51.875000,0.000000e+00,0.000000e+00,0.000000e+00,0.000000e+00,0.000000e+00,1.458479e-04,0.000000e+00
21/02/2012 22:00,20.916667,734920.916667,51.916667,0.000000e+00,0.000000e+00,0.000000e+00,0.000000e+00,0.000000e+00,1.458074e-04,0.000000e+00
21/02/2012 23:00,20.958333,734920.958333,51.958333,0.000000e+00,0.000000e+00,0.000000e+00,0.000000e+00,0.000000e+00,1.457668e-04,0.000000e+00
22/02/2012 00:00,21.000000,734921.000000,52.000000,0.000000e+00,0.000000e+00,0.000000e+00,0.000000e+00,0.000000e+00,1.457261e-04,0.000000e+00
22/02/2012 01:00,21.041667,734921.041667,52.041667,0.000000e+00,0.000000e+00,0.000000e+00,0.000000e+00,0.000000e+00,1.456852e-04,0.000000e+00
22/02/2012 02:00,21.083333,734921.083333,52.083333,0.000000e+00,0.000000e+00,0.000000e+00,0.000000e+00,0.000000e+00,1.456443e-04,0.000000e+00
22/02/2012 03:00,21.125000,734921.125000,52.125000,0.000000e+00,0.000000e+00,0.000000e+00,0.000000e+00,0.000000e+00,1.456032e-04,0.000000e+00
22/02/2012 04:00,21.166667,734921.166667,52.166667,0.000000e+00,0.000000e+00,0.000000e+00,0.000000e+00,0.000000e+00,1.455620e-04,0.000000e+00
22/02/2012 05:00,21.208333,734921.208333,52.208333,0.000000e+00,0.000000e+00,0.000000e+00,0.000000e+00,0.000000e+00,1.455208e-04,0.000000e+00
22/02/2012 06:00,21.250000,734921.250000,52.250000,0.000000e+00,0.000000e+00,0.000000e+00,0.000000e+00,0.000000e+00,1.454794e-04,0.000000e+00
22/02/2012 07:00,21.291667,734921.291667,52.291667,0.000000e+00,0.000000e+00,0.000000e+00,0.000000e+00,0.000000e+00,1.454379e-04,0.000000e+00
22/02/2012 08:00,21.333333,734921.333333,52.333333,0.000000e+00,0.000000e+00,0.000000e+00,0.000000e+00,0.000000e+00,1.453963e-04,0.000000e+00
22/02/2012 09:00,21.375000,734921.375000,52.375000,0.000000e+00,0.000000e+00,0.000000e+00,0.000000e+00,0.000000e+00,1.453547e-04,0.000000e+00
22/02/2012 10:00,21.416667,734921.416667,52.416667,0.000000e+00,0.000000e+00,0.000000e+00,0.000000e+00,0.000000e+00,1.453129e-04,0.000000e+00
22/02/2012 11:00,21.458333,734921.458333,52.458333,0.000000e+00,0.000000e+00,0.000000e+00,0.000000e+00,0.000000e+00,1.452711e-04,0.000000e+00
22/02/2012 12:00,21.500000,734921.500000,52.500000,0.000000e+00,0.000000e+00,0.000000e+00,0.000000e+00,0.000000e+00,1.452292e-04,0.000000e+00
22/02/2012 13:00,21.541667,734921.541667,52.541667,0.000000e+00,0.000000e+00,0.000000e+00,0.000000e+00,0.000000e+00,1.451872e-04,0.000000e+00
22/02/2012 14:00,21.583333,734921.583333,52.583333,0.000000e+00,0.000000e+00,0.000000e+00,0.000000e+00,0.000000e+00,1.451451e-04,0.000000e+00
22/02/2012 15:00,21.625000,734921.625000,52.625000,0.000000e+00,0.000000e+00,0.000000e+00,0.000000e+00,0.000000e+00,1.451030e-04,0.000000e+00
22/02/2012 16:00,21.666667,734921.666667,52.666667,0.000000e+00,0.000000e+00,0.000000e+00,0.000000e+00,0.000000e+00,1.450607e-04,0.000000e+00
22/02/2012 17:00,21.708333,734921.708333,52.708333,0.000000e+00,0.000000e+00,0.000000e+00,0.000000e+00,0.000000e+00,1.450185e-04,0.000000e+00
22/02/2012 18:00,21.750000,734921.750000,52.750000,0.000000e+00,0.000000e+00,0.000000e+00,0.000000e+00,0.000000e+00,1.449761e-04,0.000000e+00
22/02/2012 19:00,21.791667,734921.791667,52.791667,0.000000e+00,0.000000e+00,0.000000e+00,0.000000e+00,0.000000e+00,1.449337e-04,0.000000e+00
22/02/2012 20:00,21.833333,734921.833333,52.833333,0.000000e+00,0.000000e+00,0.000000e+00,0.000000e+00,0.000000e+00,1.448912e-04,0.000000e+00
22/02/2012 21:00,21.875000,734921.875000,52.875000,0.000000e+00,0.000000e+00,0.000000e+00,0.000000e+00,0.000000e+00,1.448486e-04,0.000000e+00
22/02/2012 22:00,21.916667,734921.916667,52.916667,0.000000e+00,0.000000e+00,0.000000e+00,0.000000e+00,0.000000e+00,1.448060e-04,0.000000e+00
22/02/2012 23:00,21.958333,734921.958333,52.958333,0.000000e+00,0.000000e+00,0.000000e+00,0.000000e+00,0.000000e+00,1.447634e-04,0.000000e+00
23/02/2012 00:00,22.000000,734922.000000,53.000000,0.000000e+00,0.000000e+00,0.000000e+00,0.000000e+00,0.000000e+00,1.447207e-04,0.000000e+00
23/02/2012 01:00,22.041667,734922.041667,53.041667,0.000000e+00,0.000000e+00,0.000000e+00,0.000000e+00,0.000000e+00,1.446779e-04,0.000000e+00
23/02/2012 02:00,22.083333,734922.083333,53.083333,0.000000e+00,0.000000e+00,0.000000e+00,0.000000e+00,0.000000e+00,1.446351e-04,0.000000e+00
23/02/2012 03:00,22.125000,734922.125000,53.125000,0.000000e+00,0.000000e+00,0.000000e+00,0.000000e+00,0.000000e+00,1.445922e-04,0.000000e+00
23/02/2012 04:00,22.166667,734922.166667,53.166667,0.000000e+00,0.000000e+00,0.000000e+00,0.000000e+00,0.000000e+00,1.445493e-04,0.000000e+00
23/02/2012 05:00,22.208333,734922.208333,53.208333,0.000000e+00,0.000000e+00,0.000000e+00,0.000000e+00,0.000000e+00,1.445063e-04,0.000000e+00
23/02/2012 06:00,22.250000,734922.250000,53.250000,0.000000e+00,0.000000e+00,0.000000e+00,0.000000e+00,0.000000e+00,1.444633e-04,0.000000e+00
23/02/2012 07:00,22.291667,734922.291667,53.291667,0.000000e+00,0.000000e+00,0.000000e+00,0.000000e+00,0.000000e+00,1.444203e-04,0.000000e+00
23/02/2012 08:00,22.333333,734922.333333,53.333333,0.000000e+00,0.000000e+00,0.000000e+00,0.000000e+00,0.000000e+00,1.443772e-04,0.000000e+00
23/02/2012 09:00,22.375000,734922.375000,53.375000,0.000000e+00,0.000000e+00,0.000000e+00,0.000000e+00,0.000000e+00,1.443341e-04,0.000000e+00
23/02/2012 10:00,22.416667,734922.416667,53.416667,0.000000e+00,0.000000e+00,0.000000e+00,0.000000e+00,0.000000e+00,1.442909e-04,0.000000e+00
23/02/2012 11:00,22.458333,734922.458333,53.458333,0.000000e+00,0.000000e+00,0.000000e+00,0.000000e+00,0.000000e+00,1.442477e-04,0.000000e+00
23/02/2012 12:00,22.500000,734922.500000,53.500000,0.000000e+00,0.000000e+00,0.000000e+00,0.000000e+00,0.000000e+00,1.442044e-04,0.000000e+00
23/02/2012 13:00,22.541667,734922.541667,53.541667,0.000000e+00,0.000000e+00,0.000000e+00,0.000000e+00,0.000000e+00,1.441612e-04,0.000000e+00
23/02/2012 14:00,22.583333,734922.583333,53.583333,0.000000e+00,0.000000e+00,0.000000e+00,0.000000e+00,0.000000e+00,1.441178e-04,0.000000e+00
23/02/2012 15:00,22.625000,734922.625000,53.625000,0.000000e+00,0.000000e+00,0.000000e+00,0.000000e+00,0.000000e+00,1.440745e-04,0.000000e+00
23/02/2012 16:00,22.666667,734922.666667,53.666667,0.000000e+00,0.000000e+00,0.000000e+00,0.000000e+00,0.000000e+00,1.440311e-04,0.000000e+00
23/02/2012 17:00,22.708333,734922.708333,53.708333,0.000000e+00,0.000000e+00,0.000000e+00,0.000000e+00,0.000000e+00,1.439877e-04,0.000000e+00
23/02/2012 18:00,22.750000,734922.750000,53.750000,0.000000e+00,0.000000e+00,0.000000e+00,0.000000e+00,0.000000e+00,1.439442e-04,0.000000e+00
23/02/2012 19:00,22.791667,734922.791667,53.791667,0.000000e+00,0.000000e+00,0.000000e+00,0.000000e+00,0.000000e+00,1.439007e-04,0.000000e+00
23/02/2012 20:00,22.833333,734922.833333,53.833333,0.000000e+00,0.000000e+00,0.000000e+00,0.000000e+00,0.000000e+00,1.438572e-04,0.000000e+00
23/02/2012 21:00,22.875000,734922.875000,53.875000,0.000000e+00,0.000000e+00,0.000000e+00,0.000000e+00,0.000000e+00,1.438137e-04,0.000000e+00
23/02/2012 22:00,22.916667,734922.916667,53.916667,0.000000e+00,0.000000e+00,0.000000e+00,0.000000e+00,0.000000e+00,1.437701e-04,0.000000e+00
23/02/2012 23:00,22.958333,734922.958333,53.958333,0.000000e+00,0.000000e+00,0.000000e+00,0.000000e+00,0.000000e+00,1.437265e-04,0.000000e+00
24/02/2012 00:00,23.000000,734923.000000,54.000000,0.000000e+00,0.000000e+00,0.000000e+00,0.000000e+00,0.000000e+00,1.436829e-04,0.000000e+00
24/02/2012 01:00,23.041667,734923.041667,54.041667,0.000000e+00,0.000000e+00,0.000000e+00,0.000000e+00,0.000000e+00,1.436393e-04,0.000000e+00
24/02/2012 02:00,23.083333,734923.083333,54.083333,0.000000e+00,0.000000e+00,0.000000e+00,0.000000e+00,0.000000e+00,1.435956e-04,0.000000e+00
24/02/2012 03:00,23.125000,734923.125000,54.125000,0.000000e+00,0.000000e+00,0.000000e+00,0.000000e+00,0.000000e+00,1.435519e-04,0.000000e+00
24/02/2012 04:00,23.166667,734923.166667,54.166667,0.000000e+00,0.000000e+00,0.000000e+00,0.000000e+00,0.000000e+00,1.435083e-04,0.000000e+00
24/02/2012 05:00,23.208333,734923.208333,54.208333,0.000000e+00,0.000000e+00,0.000000e+00,0.000000e+00,0.000000e+00,1.434645e-04,0.000000e+00
24/02/2012 06:00,23.250000,734923.250000,54.250000,0.000000e+00,0.000000e+00,0.000000e+00,0.000000e+00,0.000000e+00,1.434208e-04,0.000000e+00
24/02/2012 07:00,23.291667,734923.291667,54.291667,0.000000e+00,0.000000e+00,0.000000e+00,0.000000e+00,0.000000e+00,1.433771e-04,0.000000e+00
24/02/2012 08:00,23.333333,734923.333333,54.333333,0.000000e+00,0.000000e+00,0.000000e+00,0.000000e+00,0.000000e+00,1.433334e-04,0.000000e+00
24/02/2012 09:00,23.375000,734923.375000,54.375000,0.000000e+00,0.000000e+00,0.000000e+00,0.000000e+00,0.000000e+00,1.432896e-04,0.000000e+00
24/02/2012 10:00,23.416667,734923.416667,54.416667,0.000000e+00,0.000000e+00,0.000000e+00,0.000000e+00,0.000000e+00,1.432458e-04,0.000000e+00
24/02/2012 11:00,23.458333,734923.458333,54.458333,0.000000e+00,0.000000e+00,0.000000e+00,0.000000e+00,0.000000e+00,1.432021e-04,0.000000e+00
24/02/2012 12:00,23.500000,734923.500000,54.500000,0.000000e+00,0.000000e+00,0.000000e+00,0.000000e+00,0.000000e+00,1.431583e-04,0.000000e+00
24/02/2012 13:00,23.541667,734923.541667,54.541667,0.000000e+00,0.000000e+00,0.000000e+00,0.000000e+00,0.000000e+00,1.431145e-04,0.000000e+00
24/02/2012 14:00,23.583333,734923.583333,54.583333,0.000000e+00,0.000000e+00,0.000000e+00,0.000000e+00,0.000000e+00,1.430707e-04,0.000000e+00
24/02/2012 15:00,23.625000,734923.625000,54.625000,0.000000e+00,0.000000e+00,0.000000e+00,0.000000e+00,0.000000e+00,1.430270e-04,0.000000e+00
24/02/2012 16:00,23.666667,734923.666667,54.666667,0.000000e+00,0.000000e+00,0.000000e+00,0.000000e+00,0.000000e+00,1.429832e-04,0.000000e+00
24/02/2012 17:00,23.708333,734923.708333,54.708333,0.000000e+00,0.000000e+00,0.000000e+00,0.000000e+00,0.000000e+00,1.429394e-04,0.000000e+00
24/02/2012 18:00,23.750000,734923.750000,54.750000,0.000000e+00,0.000000e+00,0.000000e+00,0.000000e+00,0.000000e+00,1.428956e-04,0.000000e+00
24/02/2012 19:00,23.791667,734923.791667,54.791667,0.000000e+00,0.000000e+00,0.000000e+00,0.000000e+00,0.000000e+00,1.428518e-04,0.000000e+00
24/02/2012 20:00,23.833333,734923.833333,54.833333,0.000000e+00,0.000000e+00,0.000000e+00,0.000000e+00,0.000000e+00,1.428081e-04,0.000000e+00
24/02/2012 21:00,23.875000,734923.875000,54.875000,0.000000e+00,0.000000e+00,0.000000e+00,0.000000e+00,0.000000e+00,1.427643e-04,0.000000e+00
24/02/2012 22:00,23.916667,734923.916667,54.916667,0.000000e+00,0.000000e+00,0.000000e+00,0.000000e+00,0.000000e+00,1.427206e-04,0.000000e+00
24/02/2012 23:00,23.958333,734923.958333,54.958333,0.000000e+00,0.000000e+00,0.000000e+00,0.000000e+00,0.000000e+00,1.426768e-04,0.000000e+00
25/02/2012 00:00,24.000000,734924.000000,55.000000,0.000000e+00,0.000000e+00,0.000000e+00,0.000000e+00,0.000000e+00,1.426331e-04,0.000000e+00
25/02/2012 01:00,24.041667,734924.041667,55.041667,0.000000e+00,0.000000e+00,0.000000e+00,0.000000e+00,0.000000e+00,1.425893e-04,0.000000e+00
25/02/2012 02:00,24.083333,734924.083333,55.083333,0.000000e+00,0.000000e+00,0.000000e+00,0.000000e+00,0.000000e+00,1.425456e-04,0.000000e+00
25/02/2012 03:00,24.125000,734924.125000,55.125000,0.000000e+00,0.000000e+00,0.000000e+00,0.000000e+00,0.000000e+00,1.425019e-04,0.000000e+00
25/02/2012 04:00,24.166667,734924.166667,55.166667,0.000000e+00,0.000000e+00,0.000000e+00,0.000000e+00,0.000000e+00,1.424582e-04,0.000000e+00
25/02/2012 05:00,24.208333,734924.208333,55.208333,0.000000e+00,0.000000e+00,0.000000e+00,0.000000e+00,0.000000e+00,1.424145e-04,0.000000e+00
25/02/2012 06:00,24.250000,734924.250000,55.250000,0.000000e+00,0.000000e+00,0.000000e+00,0.000000e+00,0.000000e+00,1.423709e-04,0.000000e+00
25/02/2012 07:00,24.291667,734924.291667,55.291667,0.000000e+00,0.000000e+00,0.000000e+00,0.000000e+00,0.000000e+00,1.423272e-04,0.000000e+00
25/02/2012 08:00,24.333333,734924.333333,55.333333,0.000000e+00,0.000000e+00,0.000000e+00,0.000000e+00,0.000000e+00,1.422836e-04,0.000000e+00
25/02/2012 09:00,24.375000,734924.375000,55.375000,0.000000e+00,0.000000e+00,0.000000e+00,0.000000e+00,0.000000e+00,1.422400e-04,0.000000e+00
25/02/2012 10:00,24.416667,734924.416667,55.416667,0.000000e+00,0.000000e+00,0.000000e+00,0.000000e+00,0.000000e+00,1.421964e-04,0.000000e+00
25/02/2012 11:00,24.458333,734924.458333,55.458333,0.000000e+00,0.000000e+00,0.000000e+00,0.000000e+00,0.000000e+00,1.421528e-04,0.000000e+00
25/02/2012 12:00,24.500000,734924.500000,55.500000,0.000000e+00,0.000000e+00,0.000000e+00,0.000000e+00,0.000000e+00,1.421092e-04,0.000000e+00
25/02/2012 13:00,24.541667,734924.541667,55.541667,0.000000e+00,0.000000e+00,0.000000e+00,0.000000e+00,0.000000e+00,1.420657e-04,0.000000e+00
25/02/2012 14:00,24.583333,734924.583333,55.583333,0.000000e+00,0.000000e+00,0.000000e+00,0.000000e+00,0.000000e+00,1.420221e-04,0.000000e+00
25/02/2012 15:00,24.625000,734924.625000,55.625000,0.000000e+00,0.000000e+00,0.000000e+00,0.000000e+00,0.000000e+00,1.419786e-04,0.000000e+00
25/02/2012 16:00,24.666667,734924.666667,55.666667,0.000000e+00,0.000000e+00,0.000000e+00,0.000000e+00,0.000000e+00,1.419352e-04,0.000000e+00
25/02/2012 17:00,24.708333,734924.708333,55.708333,0.000000e+00,0.000000e+00,0.000000e+00,0.000000e+00,0.000000e+00,1.418917e-04,0.000000e+00
25/02/2012 18:00,24.750000,734924.750000,55.750000,0.000000e+00,0.000000e+00,0.000000e+00,0.000000e+00,0.000000e+00,1.418483e-04,0.000000e+00
25/02/2012 19:00,24.791667,734924.791667,55.791667,0.000000e+00,0.000000e+00,0.000000e+00,0.000000e+00,0.000000e+00,1.418049e-04,0.000000e+00
25/02/2012 20:00,24.833333,734924.833333,55.833333,0.000000e+00,0.000000e+00,0.000000e+00,0.000000e+00,0.000000e+00,1.417615e-04,0.000000e+00
25/02/2012 21:00,24.875000,734924.875000,55.875000,0.000000e+00,0.000000e+00,0.000000e+00,0.000000e+00,0.000000e+00,1.417181e-04,0.000000e+00
25/02/2012 22:00,24.916667,734924.916667,55.916667,0.000000e+00,0.000000e+00,0.000000e+00,0.000000e+00,0.000000e+00,1.416748e-04,0.000000e+00
25/02/2012 23:00,24.958333,734924.958333,55.958333,0.000000e+00,0.000000e+00,0.000000e+00,0.000000e+00,0.000000e+00,1.416315e-04,0.000000e+00
26/02/2012 00:00,25.000000,734925.000000,56.000000,0.000000e+00,0.000000e+00,0.000000e+00,0.000000e+00,0.000000e+00,1.415883e-04,0.000000e+00
26/02/2012 01:00,25.041667,734925.041667,56.041667,0.000000e+00,0.000000e+00,0.000000e+00,0.000000e+00,0.000000e+00,1.415451e-04,0.000000e+00
26/02/2012 02:00,25.083333,734925.083333,56.083333,0.000000e+00,0.000000e+00,0.000000e+00,0.000000e+00,0.000000e+00,1.415019e-04,0.000000e+00
26/02/2012 03:00,25.125000,734925.125000,56.125000,0.000000e+00,0.000000e+00,0.000000e+00,0.000000e+00,0.000000e+00,1.414587e-04,0.000000e+00
26/02/2012 04:00,25.166667,734925.166667,56.166667,0.000000e+00,0.000000e+00,0.000000e+00,0.000000e+00,0.000000e+00,1.414156e-04,0.000000e+00
26/02/2012 05:00,25.208333,734925.208333,56.208333,0.000000e+00,0.000000e+00,0.000000e+00,0.000000e+00,0.000000e+00,1.413725e-04,0.000000e+00
26/02/2012 06:00,25.250000,734925.250000,56.250000,0.000000e+00,0.000000e+00,0.000000e+00,0.000000e+00,0.000000e+00,1.413295e-04,0.000000e+00
26/02/2012 07:00,25.291667,734925.291667,56.291667,0.000000e+00,0.000000e+00,0.000000e+00,0.000000e+00,0.000000e+00,1.412865e-04,0.000000e+00
26/02/2012 08:00,25.333333,734925.333333,56.333333,0.000000e+00,0.000000e+00,0.000000e+00,0.000000e+00,0.000000e+00,1.412435e-04,0.000000e+00
26/02/2012 09:00,25.375000,734925.375000,56.375000,0.000000e+00,0.000000e+00,0.000000e+00,0.000000e+00,0.000000e+00,1.412006e-04,0.000000e+00
26/02/2012 10:00,25.416667,734925.416667,56.416667,0.000000e+00,0.000000e+00,0.000000e+00,0.000000e+00,0.000000e+00,1.411577e-04,0.000000e+00
26/02/2012 11:00,25.458333,734925.458333,56.458333,0.000000e+00,0.000000e+00,0.000000e+00,0.000000e+00,0.000000e+00,1.411149e-04,0.000000e+00
26/02/2012 12:00,25.500000,734925.500000,56.500000,0.000000e+00,0.000000e+00,0.000000e+00,0.000000e+00,0.000000e+00,1.410721e-04,0.000000e+00
26/02/2012 13:00,25.541667,734925.541667,56.541667,0.000000e+00,0.000000e+00,0.000000e+00,0.000000e+00,0.000000e+00,1.410293e-04,0.000000e+00
26/02/2012 14:00,25.583333,734925.583333,56.583333,0.000000e+00,0.000000e+00,0.000000e+00,0.000000e+00,0.000000e+00,1.409866e-04,0.000000e+00
26/02/2012 15:00,25.625000,734925.625000,56.625000,0.000000e+00,0.000000e+00,0.000000e+00,0.000000e+00,0.000000e+00,1.409440e-04,0.000000e+00
26/02/2012 16:00,25.666667,734925.666667,56.666667,0.000000e+00,0.000000e+00,0.000000e+00,0.000000e+00,0.000000e+00,1.409014e-04,0.000000e+00
26/02/2012 17:00,25.708333,734925.708333,56.708333,0.000000e+00,0.000000e+00,0.000000e+00,0.000000e+00,0.000000e+00,1.408588e-04,0.000000e+00
26/02/2012 18:00,25.750000,734925.750000,56.750000,0.000000e+00,0.000000e+00,0.000000e+00,0.000000e+00,0.000000e+00,1.408163e-04,0.000000e+00
26/02/2012 19:00,25.791667,734925.791667,56.791667,0.000000e+00,0.000000e+00,0.000000e+00,0.000000e+00,0.000000e+00,1.407738e-04,0.000000e+00
26/02/2012 20:00,25.833333,734925.833333,56.833333,0.000000e+00,0.000000e+00,0.000000e+00,0.000000e+00,0.000000e+00,1.407313e-04,0.000000e+00
26/02/2012 21:00,25.875000,734925.875000,56.875000,0.000000e+00,0.000000e+00,0.000000e+00,0.000000e+00,0.000000e+00,1.406890e-04,0.000000e+00
26/02/2012 22:00,25.916667,734925.916667,56.916667,0.000000e+00,0.000000e+00,0.000000e+00,0.000000e+00,0.000000e+00,1.406466e-04,0.000000e+00
26/02/2012 23:00,25.958333,734925.958333,56.958333,0.000000e+00,0.000000e+00,0.000000e+00,0.000000e+00,0.000000e+00,1.406043e-04,0.000000e+00
27/02/2012 00:00,26.000000,734926.000000,57.000000,0.000000e+00,0.000000e+00,0.000000e+00,0.000000e+00,0.000000e+00,1.405621e-04,0.000000e+00
27/02/2012 01:00,26.041667,734926.041667,57.041667,0.000000e+00,0.000000e+00,0.000000e+00,0.000000e+00,0.000000e+00,1.405199e-04,0.000000e+00
27/02/2012 02:00,26.083333,734926.083333,57.083333,0.000000e+00,0.000000e+00,0.000000e+00,0.000000e+00,0.000000e+00,1.404777e-04,0.000000e+00
27/02/2012 03:00,26.125000,734926.125000,57.125000,0.000000e+00,0.000000e+00,0.000000e+00,0.000000e+00,0.000000e+00,1.404356e-04,0.000000e+00
27/02/2012 04:00,26.166667,734926.166667,57.166667,0.000000e+00,0.000000e+00,0.000000e+00,0.000000e+00,0.000000e+00,1.403936e-04,0.000000e+00
27/02/2012 05:00,26.208333,734926.208333,57.208333,0.000000e+00,0.000000e+00,0.000000e+00,0.000000e+00,0.000000e+00,1.403516e-04,0.000000e+00
27/02/2012 06:00,26.250000,734926.250000,57.250000,0.000000e+00,0.000000e+00,0.000000e+00,0.000000e+00,0.000000e+00,1.403096e-04,0.000000e+00
27/02/2012 07:00,26.291667,734926.291667,57.291667,0.000000e+00,0.000000e+00,0.000000e+00,0.000000e+00,0.000000e+00,1.402677e-04,0.000000e+00
27/02/2012 08:00,26.333333,734926.333333,57.333333,0.000000e+00,0.000000e+00,0.000000e+00,0.000000e+00,0.000000e+00,1.402259e-04,0.000000e+00
27/02/2012 09:00,26.375000,734926.375000,57.375000,0.000000e+00,0.000000e+00,0.000000e+00,0.000000e+00,0.000000e+00,1.401841e-04,0.000000e+00
27/02/2012 10:00,26.416667,734926.416667,57.416667,0.000000e+00,0.000000e+00,0.000000e+00,0.000000e+00,0.000000e+00,1.401423e-04,0.000000e+00
27/02/2012 11:00,26.458333,734926.458333,57.458333,0.000000e+00,0.000000e+00,0.000000e+00,0.000000e+00,0.000000e+00,1.401007e-04,0.000000e+00
27/02/2012 12:00,26.500000,734926.500000,57.500000,0.000000e+00,0.000000e+00,0.000000e+00,0.000000e+00,0.000000e+00,1.400590e-04,0.000000e+00
27/02/2012 13:00,26.541667,734926.541667,57.541667,0.000000e+00,0.000000e+00,0.000000e+00,0.000000e+00,0.000000e+00,1.400174e-04,0.000000e+00
27/02/2012 14:00,26.583333,734926.583333,57.583333,0.000000e+00,0.000000e+00,0.000000e+00,0.000000e+00,0.000000e+00,1.399759e-04,0.000000e+00
27/02/2012 15:00,26.625000,734926.625000,57.625000,0.000000e+00,0.000000e+00,0.000000e+00,0.000000e+00,0.000000e+00,1.399344e-04,0.000000e+00
27/02/2012 16:00,26.666667,734926.666667,57.666667,0.000000e+00,0.000000e+00,0.000000e+00,0.000000e+00,0.000000e+00,1.398929e-04,0.000000e+00
27/02/2012 17:00,26.708333,734926.708333,57.708333,0.000000e+00,0.000000e+00,0.000000e+00,0.000000e+00,0.000000e+00,1.398515e-04,0.000000e+00
27/02/2012 18:00,26.750000,734926.750000,57.750000,0.000000e+00,0.000000e+00,0.000000e+00,0.000000e+00,0.000000e+00,1.398102e-04,0.000000e+00
27/02/2012 19:00,26.791667,734926.791667,57.791667,0.000000e+00,0.000000e+00,0.000000e+00,0.000000e+00,0.000000e+00,1.397689e-04,0.000000e+00
27/02/2012 20:00,26.833333,734926.833333,57.833333,0.000000e+00,0.000000e+00,0.000000e+00,0.000000e+00,0.000000e+00,1.397277e-04,0.000000e+00
27/02/2012 21:00,26.875000,734926.875000,57.875000,0.000000e+00,0.000000e+00,0.000000e+00,0.000000e+00,0.000000e+00,1.396865e-04,0.000000e+00
27/02/2012 22:00,26.916667,734926.916667,57.916667,0.000000e+00,0.000000e+00,0.000000e+00,0.000000e+00,0.000000e+00,1.396454e-04,0.000000e+00
27/02/2012 23:00,26.958333,734926.958333,57.958333,0.000000e+00,0.000000e+00,0.000000e+00,0.000000e+00,0.000000e+00,1.396043e-04,0.000000e+00
28/02/2012 00:00,27.000000,734927.000000,58.000000,0.000000e+00,0.000000e+00,0.000000e+00,0.000000e+00,0.000000e+00,1.395632e-04,0.000000e+00
28/02/2012 01:00,27.041667,734927.041667,58.041667,0.000000e+00,0.000000e+00,0.000000e+00,0.000000e+00,0.000000e+00,1.395223e-04,0.000000e+00
28/02/2012 02:00,27.083333,734927.083333,58.083333,0.000000e+00,0.000000e+00,0.000000e+00,0.000000e+00,0.000000e+00,1.394813e-04,0.000000e+00
28/02/2012 03:00,27.125000,734927.125000,58.125000,0.000000e+00,0.000000e+00,0.000000e+00,0.000000e+00,0.000000e+00,1.394405e-04,0.000000e+00
28/02/2012 04:00,27.166667,734927.166667,58.166667,0.000000e+00,0.000000e+00,0.000000e+00,0.000000e+00,0.000000e+00,1.393996e-04,0.000000e+00
28/02/2012 05:00,27.208333,734927.208333,58.208333,0.000000e+00,0.000000e+00,0.000000e+00,0.000000e+00,0.000000e+00,1.393589e-04,0.000000e+00
28/02/2012 06:00,27.250000,734927.250000,58.250000,0.000000e+00,0.000000e+00,0.000000e+00,0.000000e+00,0.000000e+00,1.393181e-04,0.000000e+00
28/02/2012 07:00,27.291667,734927.291667,58.291667,0.000000e+00,0.000000e+00,0.000000e+00,0.000000e+00,0.000000e+00,1.392775e-04,0.000000e+00
28/02/2012 08:00,27.333333,734927.333333,58.333333,0.000000e+00,0.000000e+00,0.000000e+00,0.000000e+00,0.000000e+00,1.392369e-04,0.000000e+00
28/02/2012 09:00,27.375000,734927.375000,58.375000,0.000000e+00,0.000000e+00,0.000000e+00,0.000000e+00,0.000000e+00,1.391963e-04,0.000000e+00
28/02/2012 10:00,27.416667,734927.416667,58.416667,0.000000e+00,0.000000e+00,0.000000e+00,0.000000e+00,0.000000e+00,1.391558e-04,0.000000e+00
28/02/2012 11:00,27.458333,734927.458333,58.458333,0.000000e+00,0.000000e+00,0.000000e+00,0.000000e+00,0.000000e+00,1.391153e-04,0.000000e+00
28/02/2012 12:00,27.500000,734927.500000,58.500000,0.000000e+00,0.000000e+00,0.000000e+00,0.000000e+00,0.000000e+00,1.390749e-04,0.000000e+00
28/02/2012 13:00,27.541667,734927.541667,58.541667,0.000000e+00,0.000000e+00,0.000000e+00,0.000000e+00,0.000000e+00,1.390346e-04,0.000000e+00
28/02/2012 14:00,27.583333,734927.583333,58.583333,0.000000e+00,0.000000e+00,0.000000e+00,0.000000e+00,0.000000e+00,1.389943e-04,0.000000e+00
28/02/2012 15:00,27.625000,734927.625000,58.625000,0.000000e+00,0.000000e+00,0.000000e+00,0.000000e+00,0.000000e+00,1.389540e-04,0.000000e+00
28/02/2012 16:00,27.666667,734927.666667,58.666667,0.000000e+00,0.000000e+00,0.000000e+00,0.000000e+00,0.000000e+00,1.389138e-04,0.000000e+00
28/02/2012 17:00,27.708333,734927.708333,58.708333,0.000000e+00,0.000000e+00,0.000000e+00,0.000000e+00,0.000000e+00,1.388736e-04,0.000000e+00
28/02/2012 18:00,27.750000,734927.750000,58.750000,0.000000e+00,0.000000e+00,0.000000e+00,0.000000e+00,0.000000e+00,1.388335e-04,0.000000e+00
28/02/2012 19:00,27.791667,734927.791667,58.791667,0.000000e+00,0.000000e+00,0.000000e+00,0.000000e+00,0.000000e+00,1.387935e-04,0.000000e+00
28/02/2012 20:00,27.833333,734927.833333,58.833333,0.000000e+00,0.000000e+00,0.000000e+00,0.000000e+00,0.000000e+00,1.387535e-04,0.000000e+00
28/02/2012 21:00,27.875000,734927.875000,58.875000,0.000000e+00,0.000000e+00,0.000000e+00,0.000000e+00,0.000000e+00,1.387135e-04,0.000000e+00
28/02/2012 22:00,27.916667,734927.916667,58.916667,0.000000e+00,0.000000e+00,0.000000e+00,0.000000e+00,0.000000e+00,1.386736e-04,0.000000e+00
28/02/2012 23:00,27.958333,734927.958333,58.958333,0.000000e+00,0.000000e+00,0.000000e+00,0.000000e+00,0.000000e+00,1.386338e-04,0.000000e+00
29/02/2012 00:00,28.000000,734928.000000,59.000000,0.000000e+00,0.000000e+00,0.000000e+00,0.000000e+00,0.000000e+00,1.385940e-04,0.000000e+00
29/02/2012 01:00,28.041667,734928.041667,59.041667,0.000000e+00,0.000000e+00,0.000000e+00,0.000000e+00,0.000000e+00,1.385542e-04,0.000000e+00
29/02/2012 02:00,28.083333,734928.083333,59.083333,0.000000e+00,0.000000e+00,0.000000e+00,0.000000e+00,0.000000e+00,1.385145e-04,0.000000e+00
29/02/2012 03:00,28.125000,734928.125000,59.125000,0.000000e+00,0.000000e+00,0.000000e+00,0.000000e+00,0.000000e+00,1.384748e-04,0.000000e+00
29/02/2012 04:00,28.166667,734928.166667,59.166667,0.000000e+00,0.000000e+00,0.000000e+00,0.000000e+00,0.000000e+00,1.384352e-04,0.000000e+00
29/02/2012 05:00,28.208333,734928.208333,59.208333,0.000000e+00,0.000000e+00,0.000000e+00,0.000000e+00,0.000000e+00,1.383957e-04,0.000000e+00
29/02/2012 06:00,28.250000,734928.250000,59.250000,0.000000e+00,0.000000e+00,0.000000e+00,0.000000e+00,0.000000e+00,1.383562e-04,0.000000e+00
29/02/2012 07:00,28.291667,734928.291667,59.291667,0.000000e+00,0.000000e+00,0.000000e+00,0.000000e+00,0.000000e+00,1.383167e-04,0.000000e+00
29/02/2012 08:00,28.333333,734928.333333,59.333333,0.000000e+00,0.000000e+00,0.000000e+00,0.000000e+00,0.000000e+00,1.382773e-04,0.000000e+00
29/02/2012 09:00,28.375000,734928.375000,59.375000,0.000000e+00,0.000000e+00,0.000000e+00,0.000000e+00,0.000000e+00,1.382379e-04,0.000000e+00
29/02/2012 10:00,28.416667,734928.416667,59.416667,0.000000e+00,0.000000e+00,0.000000e+00,0.000000e+00,0.000000e+00,1.381986e-04,0.000000e+00
29/02/2012 11:00,28.458333,734928.458333,59.458333,0.000000e+00,0.000000e+00,0.000000e+00,0.000000e+00,0.000000e+00,1.381593e-04,0.000000e+00
29/02/2012 12:00,28.500000,734928.500000,59.500000,0.000000e+00,0.000000e+00,0.000000e+00,0.000000e+00,0.000000e+00,1.381201e-04,0.000000e+00
29/02/2012 13:00,28.541667,734928.541667,59.541667,0.000000e+00,0.000000e+00,0.000000e+00,0.000000e+00,0.000000e+00,1.380809e-04,0.000000e+00
29/02/2012 14:00,28.583333,734928.583333,59.583333,0.000000e+00,0.000000e+00,0.000000e+00,0.000000e+00,0.000000e+00,1.380418e-04,0.000000e+00
29/02/2012 15:00,28.625000,734928.625000,59.625000,0.000000e+00,0.000000e+00,0.000000e+00,0.000000e+00,0.000000e+00,1.380027e-04,0.000000e+00
29/02/2012 16:00,28.666667,734928.666667,59.666667,0.000000e+00,0.000000e+00,0.000000e+00,0.000000e+00,0.000000e+00,1.379636e-04,0.000000e+00
29/02/2012 17:00,28.708333,734928.708333,59.708333,0.000000e+00,0.000000e+00,0.000000e+00,0.000000e+00,0.000000e+00,1.379246e-04,0.000000e+00
29/02/2012 18:00,28.750000,734928.750000,59.750000,0.000000e+00,0.000000e+00,0.000000e+00,0.000000e+00,0.000000e+00,1.378857e-04,0.000000e+00
29/02/2012 19:00,28.791667,734928.791667,59.791667,0.000000e+00,0.000000e+00,0.000000e+00,0.000000e+00,0.000000e+00,1.378468e-04,0.000000e+00
29/02/2012 20:00,28.833333,734928.833333,59.833333,0.000000e+00,0.000000e+00,0.000000e+00,0.000000e+00,0.000000e+00,1.378079e-04,0.000000e+00
29/02/2012 21:00,28.875000,734928.875000,59.875000,0.000000e+00,0.000000e+00,0.000000e+00,0.000000e+00,0.000000e+00,1.377599e-04,0.000000e+00
29/02/2012 22:00,28.916667,734928.916667,59.916667,0.000000e+00,0.000000e+00,0.000000e+00,0.000000e+00,0.000000e+00,1.377319e-04,0.000000e+00
29/02/2012 23:00,28.958333,734928.958333,59.958333,0.000000e+00,0.000000e+00,0.000000e+00,0.000000e+00,0.000000e+00,1.376921e-04,0.000000e+00
01/03/2012 00:00,29.000000,734929.000000,60.000000,0.000000e+00,0.000000e+00,0.000000e+00,0.000000e+00,0.000000e+00,1.376531e-04,0.000000e+00
