Date12[DDMMYYYYhhmm],JulianDayFromYear0[days],TimeFromStart[days],Simulation_Period,Run,IDpoint,50.000000 ,200.000000 ,550.000000 ,1050.000000 ,1550.000000  
01/02/2012 00:00,734900.000000,0.000000,0,0,1,0.006242,0.006242,0.006242,0.006242,0.006242 
01/02/2012 01:00,734900.041667,0.041667,1,1,1,0.110172,0.006257,0.006242,0.006242,0.006243 
01/02/2012 02:00,734900.083333,0.083333,1,1,1,0.200024,0.013414,0.006243,0.006242,0.006245 
01/02/2012 03:00,734900.125000,0.125000,1,1,1,0.233258,0.049000,0.006245,0.006242,0.006246 
01/02/2012 04:00,734900.166667,0.166667,1,1,1,0.242942,0.096249,0.006359,0.006242,0.006248 
01/02/2012 05:00,734900.208333,0.208333,1,1,1,0.252851,0.140642,0.007574,0.006242,0.006249 
01/02/2012 06:00,734900.250000,0.250000,1,1,1,0.258447,0.179953,0.011710,0.006243,0.006251 
01/02/2012 07:00,734900.291667,0.291667,1,1,1,0.262539,0.208994,0.020280,0.006244,0.006252 
01/02/2012 08:00,734900.333333,0.333333,1,1,1,0.264851,0.227997,0.033246,0.006246,0.006254 
01/02/2012 09:00,734900.375000,0.375000,1,1,1,0.266275,0.239395,0.049438,0.006267,0.006255 
01/02/2012 10:00,734900.416667,0.416667,1,1,1,0.267159,0.246449,0.067424,0.006358,0.006257 
01/02/2012 11:00,734900.458333,0.458333,1,1,1,0.267788,0.251201,0.086209,0.006636,0.006258 
01/02/2012 12:00,734900.500000,0.500000,1,1,1,0.268261,0.254704,0.105160,0.007294,0.006260 
01/02/2012 13:00,734900.541667,0.541667,1,1,1,0.268639,0.257444,0.123823,0.008579,0.006262 
01/02/2012 14:00,734900.583333,0.583333,1,1,1,0.268948,0.259668,0.141834,0.010754,0.006264 
01/02/2012 15:00,734900.625000,0.625000,1,1,1,0.269207,0.261514,0.158896,0.014061,0.006266 
01/02/2012 16:00,734900.666667,0.666667,1,1,1,0.269425,0.263067,0.174765,0.018710,0.006269 
01/02/2012 17:00,734900.708333,0.708333,1,1,1,0.269611,0.264380,0.189253,0.024870,0.006271 
01/02/2012 18:00,734900.750000,0.750000,1,1,1,0.269768,0.265493,0.202231,0.032648,0.006279 
01/02/2012 19:00,734900.791667,0.791667,1,1,1,0.269901,0.266433,0.213639,0.042086,0.006299 
01/02/2012 20:00,734900.833333,0.833333,1,1,1,0.270012,0.267224,0.223488,0.053146,0.006350 
01/02/2012 21:00,734900.875000,0.875000,1,1,1,0.270105,0.267883,0.231852,0.065705,0.006468 
01/02/2012 22:00,734900.916667,0.916667,1,1,1,0.270182,0.268429,0.238860,0.079563,0.006720 
01/02/2012 23:00,734900.958333,0.958333,1,1,1,0.270245,0.268879,0.244671,0.094447,0.007212 
02/02/2012 00:00,734901.000000,1.000000,1,1,1,0.270297,0.269248,0.249455,0.110030,0.008097 
02/02/2012 01:00,734901.041667,1.041667,1,1,1,0.270340,0.269549,0.253380,0.125954,0.009559 
02/02/2012 02:00,734901.083333,1.083333,1,1,1,0.270375,0.269796,0.256598,0.141856,0.011806 
02/02/2012 03:00,734901.125000,1.125000,1,1,1,0.270404,0.269998,0.259242,0.157394,0.015047 
02/02/2012 04:00,734901.166667,1.166667,1,1,1,0.270427,0.270165,0.261420,0.172255,0.019482 
02/02/2012 05:00,734901.208333,1.208333,1,1,1,0.270447,0.270302,0.263222,0.186169,0.025288 
02/02/2012 06:00,734901.250000,1.250000,1,1,1,0.270463,0.270416,0.264719,0.198925,0.032602 
02/02/2012 07:00,734901.291667,1.291667,1,1,1,0.270477,0.270511,0.265966,0.210380,0.041507 
02/02/2012 08:00,734901.333333,1.333333,1,1,1,0.270488,0.270590,0.267006,0.220464,0.052026 
02/02/2012 09:00,734901.375000,1.375000,1,1,1,0.270497,0.270655,0.267874,0.229186,0.064115 
02/02/2012 10:00,734901.416667,1.416667,1,1,1,0.270505,0.270710,0.268598,0.236617,0.077678 
02/02/2012 11:00,734901.458333,1.458333,1,1,1,0.270512,0.270756,0.269201,0.242876,0.092578 
02/02/2012 12:00,734901.500000,1.500000,1,1,1,0.270517,0.270794,0.269702,0.248109,0.108659 
02/02/2012 13:00,734901.541667,1.541667,1,1,1,0.270522,0.270826,0.270119,0.252472,0.125763 
02/02/2012 14:00,734901.583333,1.583333,1,1,1,0.270526,0.270852,0.270465,0.256113,0.143747 
02/02/2012 15:00,734901.625000,1.625000,1,1,1,0.270529,0.270874,0.270753,0.259170,0.162491 
02/02/2012 16:00,734901.666667,1.666667,1,1,1,0.270532,0.270893,0.270993,0.261759,0.181909 
02/02/2012 17:00,734901.708333,1.708333,1,1,1,0.270534,0.270908,0.271194,0.263981,0.201954 
02/02/2012 18:00,734901.750000,1.750000,1,1,1,0.270536,0.270921,0.271364,0.265919,0.222634 
02/02/2012 19:00,734901.791667,1.791667,1,1,1,0.270537,0.270932,0.271509,0.267644,0.244052 
02/02/2012 20:00,734901.833333,1.833333,1,1,1,0.270539,0.270941,0.271634,0.269228,0.266743 
02/02/2012 21:00,734901.875000,1.875000,1,1,1,0.270540,0.270950,0.271748,0.270879,0.298030 
02/02/2012 22:00,734901.916667,1.916667,1,1,1,0.270541,0.270958,0.271859,0.272803,0.336394 
02/02/2012 23:00,734901.958333,1.958333,1,1,1,0.270542,0.270966,0.271977,0.275132,0.374143 
03/02/2012 00:00,734902.000000,2.000000,1,1,1,0.187886,0.260557,0.271921,0.281081,0.400000 
03/02/2012 01:00,734902.041667,2.041667,1,1,1,0.167033,0.228114,0.268506,0.292109,0.400000 
03/02/2012 02:00,734902.083333,2.083333,1,1,1,0.153525,0.209610,0.259326,0.302720,0.400000 
03/02/2012 03:00,734902.125000,2.125000,1,1,1,0.143626,0.196372,0.250050,0.312292,0.400000 
03/02/2012 04:00,734902.166667,2.166667,1,1,1,0.135883,0.186076,0.241607,0.322912,0.400000 
03/02/2012 05:00,734902.208333,2.208333,1,1,1,0.129568,0.177685,0.234117,0.335561,0.400000 
03/02/2012 06:00,734902.250000,2.250000,1,1,1,0.124268,0.170631,0.227503,0.349549,0.400000 
03/02/2012 07:00,734902.291667,2.291667,1,1,1,0.119722,0.164569,0.221623,0.361276,0.400000 
03/02/2012 08:00,734902.333333,2.333333,1,1,1,0.115758,0.159272,0.216370,0.372157,0.400000 
03/02/2012 09:00,734902.375000,2.375000,1,1,1,0.112256,0.154582,0.211668,0.382584,0.400000 
03/02/2012 10:00,734902.416667,2.416667,1,1,1,0.109127,0.150385,0.207459,0.391568,0.400000 
03/02/2012 11:00,734902.458333,2.458333,1,1,1,0.106307,0.146595,0.203723,0.398152,0.400000 
03/02/2012 12:00,734902.500000,2.500000,1,1,1,0.103745,0.143150,0.200530,0.400000,0.400000 
03/02/2012 13:00,734902.541667,2.541667,1,1,1,0.101404,0.139997,0.197686,0.400000,0.400000 
03/02/2012 14:00,734902.583333,2.583333,1,1,1,0.099250,0.137096,0.195095,0.400000,0.400000 
03/02/2012 15:00,734902.625000,2.625000,1,1,1,0.097260,0.134413,0.192690,0.400000,0.400000 
03/02/2012 16:00,734902.666667,2.666667,1,1,1,0.095413,0.131921,0.190447,0.400000,0.400000 
03/02/2012 17:00,734902.708333,2.708333,1,1,1,0.093691,0.129596,0.188375,0.400000,0.400000 
03/02/2012 18:00,734902.750000,2.750000,1,1,1,0.092081,0.127421,0.186452,0.400000,0.400000 
03/02/2012 19:00,734902.791667,2.791667,1,1,1,0.090571,0.125380,0.184649,0.400000,0.400000 
03/02/2012 20:00,734902.833333,2.833333,1,1,1,0.089149,0.123457,0.182952,0.400000,0.400000 
03/02/2012 21:00,734902.875000,2.875000,1,1,1,0.087808,0.121643,0.181358,0.400000,0.400000 
03/02/2012 22:00,734902.916667,2.916667,1,1,1,0.086540,0.119926,0.179860,0.400000,0.400000 
03/02/2012 23:00,734902.958333,2.958333,1,1,1,0.085338,0.118298,0.178448,0.400000,0.400000 
04/02/2012 00:00,734903.000000,3.000000,1,1,1,0.084196,0.116751,0.177121,0.400000,0.400000 
04/02/2012 01:00,734903.041667,3.041667,1,1,1,0.083110,0.115279,0.175876,0.400000,0.400000 
04/02/2012 02:00,734903.083333,3.083333,1,1,1,0.082074,0.113875,0.174710,0.400000,0.400000 
04/02/2012 03:00,734903.125000,3.125000,1,1,1,0.081085,0.112534,0.173621,0.400000,0.400000 
04/02/2012 04:00,734903.166667,3.166667,1,1,1,0.080139,0.111252,0.172610,0.400000,0.400000 
04/02/2012 05:00,734903.208333,3.208333,1,1,1,0.079233,0.110024,0.171675,0.400000,0.400000 
04/02/2012 06:00,734903.250000,3.250000,1,1,1,0.078365,0.108847,0.170822,0.400000,0.400000 
04/02/2012 07:00,734903.291667,3.291667,1,1,1,0.077531,0.107716,0.170040,0.400000,0.400000 
04/02/2012 08:00,734903.333333,3.333333,1,1,1,0.076729,0.106630,0.169330,0.400000,0.400000 
04/02/2012 09:00,734903.375000,3.375000,1,1,1,0.075958,0.105584,0.168693,0.400000,0.400000 
04/02/2012 10:00,734903.416667,3.416667,1,1,1,0.075215,0.104578,0.168119,0.400000,0.400000 
04/02/2012 11:00,734903.458333,3.458333,1,1,1,0.074498,0.103607,0.167606,0.400000,0.400000 
04/02/2012 12:00,734903.500000,3.500000,1,1,1,0.073806,0.102671,0.167136,0.400000,0.400000 
04/02/2012 13:00,734903.541667,3.541667,1,1,1,0.073138,0.101767,0.166700,0.400000,0.400000 
04/02/2012 14:00,734903.583333,3.583333,1,1,1,0.072492,0.100893,0.166294,0.400000,0.400000 
04/02/2012 15:00,734903.625000,3.625000,1,1,1,0.071866,0.100048,0.165913,0.400000,0.400000 
04/02/2012 16:00,734903.666667,3.666667,1,1,1,0.071261,0.099230,0.165553,0.400000,0.400000 
04/02/2012 17:00,734903.708333,3.708333,1,1,1,0.070674,0.098438,0.165214,0.400000,0.400000 
04/02/2012 18:00,734903.750000,3.750000,1,1,1,0.070105,0.097669,0.164893,0.400000,0.400000 
04/02/2012 19:00,734903.791667,3.791667,1,1,1,0.069552,0.096924,0.164589,0.400000,0.400000 
04/02/2012 20:00,734903.833333,3.833333,1,1,1,0.069016,0.096200,0.164303,0.400000,0.400000 
04/02/2012 21:00,734903.875000,3.875000,1,1,1,0.068495,0.095498,0.164032,0.400000,0.400000 
04/02/2012 22:00,734903.916667,3.916667,1,1,1,0.067988,0.094814,0.163777,0.400000,0.400000 
04/02/2012 23:00,734903.958333,3.958333,1,1,1,0.067495,0.094150,0.163536,0.400000,0.400000 
05/02/2012 00:00,734904.000000,4.000000,1,1,1,0.067015,0.093504,0.163309,0.400000,0.400000 
05/02/2012 01:00,734904.041667,4.041667,1,1,1,0.066548,0.092874,0.163097,0.400000,0.400000 
05/02/2012 02:00,734904.083333,4.083333,1,1,1,0.066093,0.092261,0.162899,0.400000,0.400000 
05/02/2012 03:00,734904.125000,4.125000,1,1,1,0.065649,0.091664,0.162717,0.400000,0.400000 
05/02/2012 04:00,734904.166667,4.166667,1,1,1,0.065216,0.091082,0.162551,0.400000,0.400000 
05/02/2012 05:00,734904.208333,4.208333,1,1,1,0.064794,0.090514,0.162402,0.400000,0.400000 
05/02/2012 06:00,734904.250000,4.250000,1,1,1,0.064382,0.089960,0.162271,0.400000,0.400000 
05/02/2012 07:00,734904.291667,4.291667,1,1,1,0.063979,0.089419,0.162160,0.400000,0.400000 
05/02/2012 08:00,734904.333333,4.333333,1,1,1,0.063586,0.088890,0.162069,0.400000,0.400000 
05/02/2012 09:00,734904.375000,4.375000,1,1,1,0.063202,0.088374,0.162000,0.400000,0.400000 
05/02/2012 10:00,734904.416667,4.416667,1,1,1,0.062826,0.087870,0.161956,0.400000,0.400000 
05/02/2012 11:00,734904.458333,4.458333,1,1,1,0.062459,0.087377,0.161938,0.400000,0.400000 
05/02/2012 12:00,734904.500000,4.500000,1,1,1,0.062099,0.086895,0.161949,0.400000,0.400000 
05/02/2012 13:00,734904.541667,4.541667,1,1,1,0.061747,0.086424,0.161991,0.400000,0.400000 
05/02/2012 14:00,734904.583333,4.583333,1,1,1,0.061403,0.085963,0.162068,0.400000,0.400000 
05/02/2012 15:00,734904.625000,4.625000,1,1,1,0.061066,0.085511,0.162182,0.400000,0.400000 
05/02/2012 16:00,734904.666667,4.666667,1,1,1,0.060735,0.085070,0.162338,0.400000,0.400000 
05/02/2012 17:00,734904.708333,4.708333,1,1,1,0.060412,0.084637,0.162540,0.400000,0.400000 
05/02/2012 18:00,734904.750000,4.750000,1,1,1,0.060094,0.084214,0.162793,0.400000,0.400000 
05/02/2012 19:00,734904.791667,4.791667,1,1,1,0.059783,0.083799,0.163103,0.400000,0.400000 
05/02/2012 20:00,734904.833333,4.833333,1,1,1,0.059478,0.083393,0.163477,0.400000,0.400000 
05/02/2012 21:00,734904.875000,4.875000,1,1,1,0.059179,0.082995,0.163921,0.400000,0.400000 
05/02/2012 22:00,734904.916667,4.916667,1,1,1,0.058885,0.082606,0.164444,0.400000,0.400000 
05/02/2012 23:00,734904.958333,4.958333,1,1,1,0.058597,0.082224,0.165055,0.400000,0.400000 
06/02/2012 00:00,734905.000000,5.000000,1,1,1,0.058314,0.081850,0.165764,0.400000,0.400000 
06/02/2012 01:00,734905.041667,5.041667,1,1,1,0.058036,0.081483,0.166581,0.400000,0.400000 
06/02/2012 02:00,734905.083333,5.083333,1,1,1,0.057763,0.081124,0.167518,0.400000,0.400000 
06/02/2012 03:00,734905.125000,5.125000,1,1,1,0.057495,0.080773,0.168587,0.400000,0.400000 
06/02/2012 04:00,734905.166667,5.166667,1,1,1,0.057231,0.080428,0.169799,0.400000,0.400000 
06/02/2012 05:00,734905.208333,5.208333,1,1,1,0.056972,0.080091,0.171168,0.400000,0.400000 
06/02/2012 06:00,734905.250000,5.250000,1,1,1,0.056718,0.079761,0.172706,0.400000,0.400000 
06/02/2012 07:00,734905.291667,5.291667,1,1,1,0.056467,0.079438,0.174422,0.400000,0.400000 
06/02/2012 08:00,734905.333333,5.333333,1,1,1,0.056221,0.079121,0.176329,0.400000,0.400000 
06/02/2012 09:00,734905.375000,5.375000,1,1,1,0.055979,0.078812,0.178431,0.400000,0.400000 
06/02/2012 10:00,734905.416667,5.416667,1,1,1,0.055741,0.078509,0.180734,0.400000,0.400000 
06/02/2012 11:00,734905.458333,5.458333,1,1,1,0.055507,0.078213,0.183237,0.400000,0.400000 
06/02/2012 12:00,734905.500000,5.500000,1,1,1,0.055277,0.077923,0.185938,0.400000,0.400000 
06/02/2012 13:00,734905.541667,5.541667,1,1,1,0.055050,0.077640,0.188827,0.400000,0.400000 
06/02/2012 14:00,734905.583333,5.583333,1,1,1,0.054827,0.077363,0.191893,0.400000,0.400000 
06/02/2012 15:00,734905.625000,5.625000,1,1,1,0.054607,0.077093,0.195119,0.400000,0.400000 
06/02/2012 16:00,734905.666667,5.666667,1,1,1,0.054390,0.076828,0.198487,0.400000,0.400000 
06/02/2012 17:00,734905.708333,5.708333,1,1,1,0.054177,0.076569,0.201975,0.400000,0.400000 
06/02/2012 18:00,734905.750000,5.750000,1,1,1,0.053967,0.076317,0.205560,0.400000,0.400000 
06/02/2012 19:00,734905.791667,5.791667,1,1,1,0.053761,0.076069,0.209216,0.400000,0.400000 
06/02/2012 20:00,734905.833333,5.833333,1,1,1,0.053557,0.075828,0.212921,0.400000,0.400000 
06/02/2012 21:00,734905.875000,5.875000,1,1,1,0.053356,0.075591,0.216650,0.400000,0.400000 
06/02/2012 22:00,734905.916667,5.916667,1,1,1,0.053159,0.075360,0.220381,0.400000,0.400000 
06/02/2012 23:00,734905.958333,5.958333,1,1,1,0.052964,0.075133,0.224093,0.400000,0.400000 
07/02/2012 00:00,734906.000000,6.000000,1,1,1,0.052772,0.074911,0.227768,0.400000,0.400000 
07/02/2012 01:00,734906.041667,6.041667,1,1,1,0.052582,0.074694,0.231390,0.400000,0.400000 
07/02/2012 02:00,734906.083333,6.083333,1,1,1,0.052396,0.074481,0.234948,0.400000,0.400000 
07/02/2012 03:00,734906.125000,6.125000,1,1,1,0.052212,0.074272,0.238431,0.400000,0.400000 
07/02/2012 04:00,734906.166667,6.166667,1,1,1,0.052030,0.074067,0.241832,0.400000,0.400000 
07/02/2012 05:00,734906.208333,6.208333,1,1,1,0.051851,0.073866,0.245144,0.400000,0.400000 
07/02/2012 06:00,734906.250000,6.250000,1,1,1,0.051674,0.073669,0.248361,0.400000,0.400000 
07/02/2012 07:00,734906.291667,6.291667,1,1,1,0.051500,0.073475,0.251480,0.400000,0.400000 
07/02/2012 08:00,734906.333333,6.333333,1,1,1,0.051328,0.073284,0.254497,0.400000,0.400000 
07/02/2012 09:00,734906.375000,6.375000,1,1,1,0.051159,0.073097,0.257412,0.400000,0.400000 
07/02/2012 10:00,734906.416667,6.416667,1,1,1,0.050992,0.072913,0.260222,0.400000,0.400000 
07/02/2012 11:00,734906.458333,6.458333,1,1,1,0.050826,0.072732,0.262928,0.400000,0.400000 
07/02/2012 12:00,734906.500000,6.500000,1,1,1,0.050663,0.072553,0.265529,0.400000,0.400000 
07/02/2012 13:00,734906.541667,6.541667,1,1,1,0.050502,0.072378,0.268027,0.400000,0.400000 
07/02/2012 14:00,734906.583333,6.583333,1,1,1,0.050344,0.072205,0.270425,0.400000,0.400000 
07/02/2012 15:00,734906.625000,6.625000,1,1,1,0.050187,0.072034,0.272727,0.400000,0.400000 
07/02/2012 16:00,734906.666667,6.666667,1,1,1,0.050032,0.071866,0.274936,0.400000,0.400000 
07/02/2012 17:00,734906.708333,6.708333,1,1,1,0.049879,0.071701,0.277056,0.400000,0.400000 
07/02/2012 18:00,734906.750000,6.750000,1,1,1,0.049728,0.071537,0.279091,0.400000,0.400000 
07/02/2012 19:00,734906.791667,6.791667,1,1,1,0.049578,0.071376,0.281045,0.400000,0.400000 
07/02/2012 20:00,734906.833333,6.833333,1,1,1,0.049431,0.071217,0.282923,0.400000,0.400000 
07/02/2012 21:00,734906.875000,6.875000,1,1,1,0.049285,0.071060,0.284729,0.400000,0.400000 
07/02/2012 22:00,734906.916667,6.916667,1,1,1,0.049141,0.070905,0.286466,0.400000,0.400000 
07/02/2012 23:00,734906.958333,6.958333,1,1,1,0.048999,0.070752,0.288138,0.400000,0.400000 
08/02/2012 00:00,734907.000000,7.000000,1,1,1,0.048858,0.070601,0.289749,0.400000,0.400000 
08/02/2012 01:00,734907.041667,7.041667,1,1,1,0.048719,0.070452,0.291302,0.400000,0.400000 
08/02/2012 02:00,734907.083333,7.083333,1,1,1,0.048582,0.070304,0.292800,0.400000,0.400000 
08/02/2012 03:00,734907.125000,7.125000,1,1,1,0.048446,0.070158,0.294247,0.400000,0.400000 
08/02/2012 04:00,734907.166667,7.166667,1,1,1,0.048312,0.070014,0.295645,0.400000,0.400000 
08/02/2012 05:00,734907.208333,7.208333,1,1,1,0.048179,0.069871,0.296996,0.400000,0.400000 
08/02/2012 06:00,734907.250000,7.250000,1,1,1,0.048048,0.069730,0.298303,0.400000,0.400000 
08/02/2012 07:00,734907.291667,7.291667,1,1,1,0.047918,0.069591,0.299569,0.400000,0.400000 
08/02/2012 08:00,734907.333333,7.333333,1,1,1,0.047790,0.069453,0.300795,0.400000,0.400000 
08/02/2012 09:00,734907.375000,7.375000,1,1,1,0.047663,0.069316,0.301982,0.400000,0.400000 
08/02/2012 10:00,734907.416667,7.416667,1,1,1,0.047537,0.069181,0.303134,0.400000,0.400000 
08/02/2012 11:00,734907.458333,7.458333,1,1,1,0.047413,0.069047,0.304251,0.400000,0.400000 
08/02/2012 12:00,734907.500000,7.500000,1,1,1,0.047290,0.068915,0.305334,0.400000,0.400000 
08/02/2012 13:00,734907.541667,7.541667,1,1,1,0.047168,0.068784,0.306385,0.400000,0.400000 
08/02/2012 14:00,734907.583333,7.583333,1,1,1,0.047048,0.068654,0.307405,0.400000,0.400000 
08/02/2012 15:00,734907.625000,7.625000,1,1,1,0.046929,0.068526,0.308394,0.400000,0.400000 
08/02/2012 16:00,734907.666667,7.666667,1,1,1,0.046811,0.068398,0.309355,0.400000,0.400000 
08/02/2012 17:00,734907.708333,7.708333,1,1,1,0.046694,0.068272,0.310288,0.400000,0.400000 
08/02/2012 18:00,734907.750000,7.750000,1,1,1,0.046579,0.068148,0.311194,0.400000,0.400000 
08/02/2012 19:00,734907.791667,7.791667,1,1,1,0.046464,0.068024,0.312074,0.400000,0.400000 
08/02/2012 20:00,734907.833333,7.833333,1,1,1,0.046351,0.067901,0.312929,0.400000,0.400000 
08/02/2012 21:00,734907.875000,7.875000,1,1,1,0.046239,0.067780,0.313760,0.400000,0.400000 
08/02/2012 22:00,734907.916667,7.916667,1,1,1,0.046128,0.067660,0.314568,0.400000,0.400000 
08/02/2012 23:00,734907.958333,7.958333,1,1,1,0.046019,0.067540,0.315353,0.400000,0.400000 
09/02/2012 00:00,734908.000000,8.000000,1,1,1,0.045910,0.067422,0.316116,0.400000,0.400000 
09/02/2012 01:00,734908.041667,8.041667,1,1,1,0.045802,0.067305,0.316857,0.400000,0.400000 
09/02/2012 02:00,734908.083333,8.083333,1,1,1,0.045695,0.067189,0.317578,0.400000,0.400000 
09/02/2012 03:00,734908.125000,8.125000,1,1,1,0.045590,0.067074,0.318279,0.400000,0.400000 
09/02/2012 04:00,734908.166667,8.166667,1,1,1,0.045485,0.066960,0.318960,0.400000,0.400000 
09/02/2012 05:00,734908.208333,8.208333,1,1,1,0.045381,0.066846,0.319623,0.400000,0.400000 
09/02/2012 06:00,734908.250000,8.250000,1,1,1,0.045279,0.066734,0.320269,0.400000,0.400000 
09/02/2012 07:00,734908.291667,8.291667,1,1,1,0.045177,0.066623,0.320898,0.400000,0.400000 
09/02/2012 08:00,734908.333333,8.333333,1,1,1,0.045076,0.066512,0.321511,0.400000,0.400000 
09/02/2012 09:00,734908.375000,8.375000,1,1,1,0.044976,0.066403,0.322109,0.400000,0.400000 
09/02/2012 10:00,734908.416667,8.416667,1,1,1,0.044877,0.066294,0.322693,0.400000,0.400000 
09/02/2012 11:00,734908.458333,8.458333,1,1,1,0.044779,0.066186,0.323263,0.400000,0.400000 
09/02/2012 12:00,734908.500000,8.500000,1,1,1,0.044682,0.066079,0.323820,0.400000,0.400000 
09/02/2012 13:00,734908.541667,8.541667,1,1,1,0.044586,0.065973,0.324364,0.400000,0.400000 
09/02/2012 14:00,734908.583333,8.583333,1,1,1,0.044490,0.065868,0.324896,0.400000,0.400000 
09/02/2012 15:00,734908.625000,8.625000,1,1,1,0.044395,0.065763,0.325416,0.400000,0.400000 
09/02/2012 16:00,734908.666667,8.666667,1,1,1,0.044302,0.065660,0.325925,0.400000,0.400000 
09/02/2012 17:00,734908.708333,8.708333,1,1,1,0.044209,0.065557,0.326424,0.400000,0.400000 
09/02/2012 18:00,734908.750000,8.750000,1,1,1,0.044116,0.065455,0.326911,0.400000,0.400000 
09/02/2012 19:00,734908.791667,8.791667,1,1,1,0.044025,0.065353,0.327389,0.400000,0.400000 
09/02/2012 20:00,734908.833333,8.833333,1,1,1,0.043934,0.065253,0.327857,0.400000,0.400000 
09/02/2012 21:00,734908.875000,8.875000,1,1,1,0.043845,0.065153,0.328315,0.400000,0.400000 
09/02/2012 22:00,734908.916667,8.916667,1,1,1,0.043755,0.065054,0.328763,0.400000,0.400000 
09/02/2012 23:00,734908.958333,8.958333,1,1,1,0.043667,0.064955,0.329203,0.400000,0.400000 
10/02/2012 00:00,734909.000000,9.000000,1,1,1,0.043580,0.064858,0.329634,0.400000,0.400000 
10/02/2012 01:00,734909.041667,9.041667,1,1,1,0.043493,0.064761,0.330056,0.400000,0.400000 
10/02/2012 02:00,734909.083333,9.083333,1,1,1,0.043406,0.064664,0.330469,0.400000,0.400000 
10/02/2012 03:00,734909.125000,9.125000,1,1,1,0.043321,0.064569,0.330874,0.400000,0.400000 
10/02/2012 04:00,734909.166667,9.166667,1,1,1,0.043236,0.064474,0.331271,0.400000,0.400000 
10/02/2012 05:00,734909.208333,9.208333,1,1,1,0.043152,0.064380,0.331660,0.400000,0.400000 
10/02/2012 06:00,734909.250000,9.250000,1,1,1,0.043069,0.064286,0.332041,0.400000,0.400000 
10/02/2012 07:00,734909.291667,9.291667,1,1,1,0.042986,0.064193,0.332414,0.400000,0.400000 
10/02/2012 08:00,734909.333333,9.333333,1,1,1,0.042904,0.064101,0.332780,0.400000,0.400000 
10/02/2012 09:00,734909.375000,9.375000,1,1,1,0.042823,0.064009,0.333138,0.400000,0.400000 
10/02/2012 10:00,734909.416667,9.416667,1,1,1,0.042742,0.063918,0.333488,0.400000,0.400000 
10/02/2012 11:00,734909.458333,9.458333,1,1,1,0.042662,0.063827,0.333831,0.400000,0.400000 
10/02/2012 12:00,734909.500000,9.500000,1,1,1,0.042582,0.063737,0.334167,0.400000,0.400000 
10/02/2012 13:00,734909.541667,9.541667,1,1,1,0.042503,0.063648,0.334496,0.400000,0.400000 
10/02/2012 14:00,734909.583333,9.583333,1,1,1,0.042425,0.063559,0.334817,0.400000,0.400000 
10/02/2012 15:00,734909.625000,9.625000,1,1,1,0.042347,0.063471,0.335132,0.400000,0.400000 
10/02/2012 16:00,734909.666667,9.666667,1,1,1,0.042270,0.063384,0.335439,0.400000,0.400000 
10/02/2012 17:00,734909.708333,9.708333,1,1,1,0.042193,0.063297,0.335740,0.400000,0.400000 
10/02/2012 18:00,734909.750000,9.750000,1,1,1,0.042117,0.063210,0.336034,0.400000,0.400000 
10/02/2012 19:00,734909.791667,9.791667,1,1,1,0.042042,0.063124,0.336321,0.400000,0.400000 
10/02/2012 20:00,734909.833333,9.833333,1,1,1,0.041967,0.063039,0.336601,0.400000,0.400000 
10/02/2012 21:00,734909.875000,9.875000,1,1,1,0.041893,0.062954,0.336874,0.400000,0.400000 
10/02/2012 22:00,734909.916667,9.916667,1,1,1,0.041819,0.062870,0.337141,0.400000,0.400000 
10/02/2012 23:00,734909.958333,9.958333,1,1,1,0.041746,0.062786,0.337401,0.400000,0.400000 
11/02/2012 00:00,734910.000000,10.000000,1,1,1,0.041673,0.062703,0.337655,0.400000,0.400000 
11/02/2012 01:00,734910.041667,10.041667,1,1,1,0.041601,0.062620,0.337902,0.400000,0.400000 
11/02/2012 02:00,734910.083333,10.083333,1,1,1,0.041529,0.062538,0.338143,0.400000,0.400000 
11/02/2012 03:00,734910.125000,10.125000,1,1,1,0.041458,0.062456,0.338378,0.400000,0.400000 
11/02/2012 04:00,734910.166667,10.166667,1,1,1,0.041388,0.062375,0.338606,0.400000,0.400000 
11/02/2012 05:00,734910.208333,10.208333,1,1,1,0.041317,0.062294,0.338828,0.400000,0.400000 
11/02/2012 06:00,734910.250000,10.250000,1,1,1,0.041248,0.062214,0.339044,0.400000,0.400000 
11/02/2012 07:00,734910.291667,10.291667,1,1,1,0.041179,0.062134,0.339254,0.400000,0.400000 
11/02/2012 08:00,734910.333333,10.333333,1,1,1,0.041110,0.062055,0.339458,0.400000,0.400000 
11/02/2012 09:00,734910.375000,10.375000,1,1,1,0.041042,0.061976,0.339655,0.400000,0.400000 
11/02/2012 10:00,734910.416667,10.416667,1,1,1,0.040974,0.061897,0.339847,0.400000,0.400000 
11/02/2012 11:00,734910.458333,10.458333,1,1,1,0.040907,0.061820,0.340033,0.400000,0.400000 
11/02/2012 12:00,734910.500000,10.500000,1,1,1,0.040840,0.061742,0.340213,0.400000,0.400000 
11/02/2012 13:00,734910.541667,10.541667,1,1,1,0.040774,0.061665,0.340387,0.400000,0.400000 
11/02/2012 14:00,734910.583333,10.583333,1,1,1,0.040708,0.061588,0.340555,0.400000,0.400000 
11/02/2012 15:00,734910.625000,10.625000,1,1,1,0.040642,0.061512,0.340718,0.400000,0.400000 
11/02/2012 16:00,734910.666667,10.666667,1,1,1,0.040577,0.061436,0.340874,0.400000,0.400000 
11/02/2012 17:00,734910.708333,10.708333,1,1,1,0.040513,0.061361,0.341025,0.400000,0.400000 
11/02/2012 18:00,734910.750000,10.750000,1,1,1,0.040449,0.061286,0.341171,0.400000,0.400000 
11/02/2012 19:00,734910.791667,10.791667,1,1,1,0.040385,0.061211,0.341310,0.400000,0.400000 
11/02/2012 20:00,734910.833333,10.833333,1,1,1,0.040322,0.061137,0.341444,0.400000,0.400000 
11/02/2012 21:00,734910.875000,10.875000,1,1,1,0.040259,0.061063,0.341573,0.400000,0.400000 
11/02/2012 22:00,734910.916667,10.916667,1,1,1,0.040196,0.060990,0.341696,0.400000,0.400000 
11/02/2012 23:00,734910.958333,10.958333,1,1,1,0.040134,0.060917,0.341813,0.400000,0.400000 
12/02/2012 00:00,734911.000000,11.000000,1,1,1,0.040072,0.060844,0.341925,0.400000,0.400000 
12/02/2012 01:00,734911.041667,11.041667,1,1,1,0.040011,0.060772,0.342032,0.400000,0.400000 
12/02/2012 02:00,734911.083333,11.083333,1,1,1,0.039950,0.060700,0.342133,0.400000,0.400000 
12/02/2012 03:00,734911.125000,11.125000,1,1,1,0.039890,0.060629,0.342229,0.400000,0.400000 
12/02/2012 04:00,734911.166667,11.166667,1,1,1,0.039830,0.060558,0.342319,0.400000,0.400000 
12/02/2012 05:00,734911.208333,11.208333,1,1,1,0.039770,0.060487,0.342405,0.400000,0.400000 
12/02/2012 06:00,734911.250000,11.250000,1,1,1,0.039710,0.060417,0.342485,0.400000,0.400000 
12/02/2012 07:00,734911.291667,11.291667,1,1,1,0.039651,0.060347,0.342559,0.400000,0.400000 
12/02/2012 08:00,734911.333333,11.333333,1,1,1,0.039593,0.060277,0.342628,0.400000,0.400000 
12/02/2012 09:00,734911.375000,11.375000,1,1,1,0.039535,0.060207,0.342692,0.400000,0.400000 
12/02/2012 10:00,734911.416667,11.416667,1,1,1,0.039477,0.060138,0.342750,0.400000,0.400000 
12/02/2012 11:00,734911.458333,11.458333,1,1,1,0.039419,0.060070,0.342804,0.400000,0.400000 
12/02/2012 12:00,734911.500000,11.500000,1,1,1,0.039362,0.060001,0.342852,0.400000,0.400000 
12/02/2012 13:00,734911.541667,11.541667,1,1,1,0.039305,0.059933,0.342895,0.400000,0.400000 
12/02/2012 14:00,734911.583333,11.583333,1,1,1,0.039248,0.059866,0.342934,0.400000,0.400000 
12/02/2012 15:00,734911.625000,11.625000,1,1,1,0.039192,0.059798,0.342967,0.400000,0.400000 
12/02/2012 16:00,734911.666667,11.666667,1,1,1,0.039136,0.059731,0.342995,0.400000,0.400000 
12/02/2012 17:00,734911.708333,11.708333,1,1,1,0.039081,0.059665,0.343019,0.400000,0.400000 
12/02/2012 18:00,734911.750000,11.750000,1,1,1,0.039026,0.059598,0.343037,0.400000,0.400000 
12/02/2012 19:00,734911.791667,11.791667,1,1,1,0.038971,0.059532,0.343051,0.400000,0.400000 
12/02/2012 20:00,734911.833333,11.833333,1,1,1,0.038916,0.059466,0.343060,0.400000,0.400000 
12/02/2012 21:00,734911.875000,11.875000,1,1,1,0.038862,0.059401,0.343064,0.400000,0.400000 
12/02/2012 22:00,734911.916667,11.916667,1,1,1,0.038808,0.059336,0.343063,0.400000,0.400000 
12/02/2012 23:00,734911.958333,11.958333,1,1,1,0.038754,0.059271,0.343057,0.400000,0.400000 
13/02/2012 00:00,734912.000000,12.000000,1,1,1,0.038701,0.059206,0.343047,0.400000,0.400000 
13/02/2012 01:00,734912.041667,12.041667,1,1,1,0.038648,0.059142,0.343031,0.400000,0.400000 
13/02/2012 02:00,734912.083333,12.083333,1,1,1,0.038595,0.059078,0.343011,0.400000,0.400000 
13/02/2012 03:00,734912.125000,12.125000,1,1,1,0.038543,0.059014,0.342987,0.400000,0.400000 
13/02/2012 04:00,734912.166667,12.166667,1,1,1,0.038491,0.058950,0.342957,0.400000,0.400000 
13/02/2012 05:00,734912.208333,12.208333,1,1,1,0.038439,0.058887,0.342923,0.400000,0.400000 
13/02/2012 06:00,734912.250000,12.250000,1,1,1,0.038388,0.058824,0.342885,0.400000,0.400000 
13/02/2012 07:00,734912.291667,12.291667,1,1,1,0.038336,0.058761,0.342842,0.400000,0.400000 
13/02/2012 08:00,734912.333333,12.333333,1,1,1,0.038285,0.058699,0.342794,0.400000,0.400000 
13/02/2012 09:00,734912.375000,12.375000,1,1,1,0.038235,0.058637,0.342742,0.400000,0.400000 
13/02/2012 10:00,734912.416667,12.416667,1,1,1,0.038184,0.058575,0.342686,0.400000,0.400000 
13/02/2012 11:00,734912.458333,12.458333,1,1,1,0.038134,0.058513,0.342625,0.400000,0.400000 
13/02/2012 12:00,734912.500000,12.500000,1,1,1,0.038084,0.058452,0.342560,0.400000,0.400000 
13/02/2012 13:00,734912.541667,12.541667,1,1,1,0.038035,0.058391,0.342491,0.400000,0.400000 
13/02/2012 14:00,734912.583333,12.583333,1,1,1,0.037986,0.058330,0.342417,0.400000,0.400000 
13/02/2012 15:00,734912.625000,12.625000,1,1,1,0.037937,0.058269,0.342339,0.400000,0.400000 
13/02/2012 16:00,734912.666667,12.666667,1,1,1,0.037888,0.058209,0.342257,0.400000,0.400000 
13/02/2012 17:00,734912.708333,12.708333,1,1,1,0.037839,0.058149,0.342170,0.400000,0.400000 
13/02/2012 18:00,734912.750000,12.750000,1,1,1,0.037791,0.058089,0.342079,0.400000,0.400000 
13/02/2012 19:00,734912.791667,12.791667,1,1,1,0.037743,0.058029,0.341985,0.400000,0.400000 
13/02/2012 20:00,734912.833333,12.833333,1,1,1,0.037695,0.057970,0.341886,0.400000,0.400000 
13/02/2012 21:00,734912.875000,12.875000,1,1,1,0.037648,0.057910,0.341782,0.400000,0.400000 
13/02/2012 22:00,734912.916667,12.916667,1,1,1,0.037601,0.057851,0.341675,0.400000,0.400000 
13/02/2012 23:00,734912.958333,12.958333,1,1,1,0.037554,0.057793,0.341563,0.400000,0.400000 
14/02/2012 00:00,734913.000000,13.000000,1,1,1,0.037507,0.057734,0.341448,0.400000,0.400000 
14/02/2012 01:00,734913.041667,13.041667,1,1,1,0.037460,0.057676,0.341328,0.400000,0.400000 
14/02/2012 02:00,734913.083333,13.083333,1,1,1,0.037414,0.057618,0.341204,0.400000,0.400000 
14/02/2012 03:00,734913.125000,13.125000,1,1,1,0.037368,0.057560,0.341075,0.400000,0.400000 
14/02/2012 04:00,734913.166667,13.166667,1,1,1,0.037322,0.057502,0.340943,0.400000,0.400000 
14/02/2012 05:00,734913.208333,13.208333,1,1,1,0.037277,0.057445,0.340807,0.400000,0.400000 
14/02/2012 06:00,734913.250000,13.250000,1,1,1,0.037232,0.057388,0.340667,0.400000,0.400000 
14/02/2012 07:00,734913.291667,13.291667,1,1,1,0.037186,0.057330,0.340523,0.400000,0.400000 
14/02/2012 08:00,734913.333333,13.333333,1,1,1,0.037142,0.057274,0.340375,0.400000,0.400000 
14/02/2012 09:00,734913.375000,13.375000,1,1,1,0.037097,0.057217,0.340223,0.400000,0.400000 
14/02/2012 10:00,734913.416667,13.416667,1,1,1,0.037053,0.057161,0.340067,0.400000,0.400000 
14/02/2012 11:00,734913.458333,13.458333,1,1,1,0.037008,0.057104,0.339906,0.400000,0.400000 
14/02/2012 12:00,734913.500000,13.500000,1,1,1,0.036964,0.057048,0.339742,0.400000,0.400000 
14/02/2012 13:00,734913.541667,13.541667,1,1,1,0.036921,0.056993,0.339573,0.400000,0.400000 
14/02/2012 14:00,734913.583333,13.583333,1,1,1,0.036877,0.056937,0.339400,0.400000,0.400000 
14/02/2012 15:00,734913.625000,13.625000,1,1,1,0.036834,0.056881,0.339222,0.400000,0.400000 
14/02/2012 16:00,734913.666667,13.666667,1,1,1,0.036791,0.056826,0.339041,0.400000,0.400000 
14/02/2012 17:00,734913.708333,13.708333,1,1,1,0.036748,0.056771,0.338855,0.400000,0.400000 
14/02/2012 18:00,734913.750000,13.750000,1,1,1,0.036705,0.056716,0.338665,0.400000,0.400000 
14/02/2012 19:00,734913.791667,13.791667,1,1,1,0.036663,0.056662,0.338471,0.400000,0.400000 
14/02/2012 20:00,734913.833333,13.833333,1,1,1,0.036620,0.056607,0.338273,0.400000,0.400000 
14/02/2012 21:00,734913.875000,13.875000,1,1,1,0.036578,0.056553,0.338071,0.400000,0.400000 
14/02/2012 22:00,734913.916667,13.916667,1,1,1,0.036536,0.056499,0.337865,0.400000,0.400000 
14/02/2012 23:00,734913.958333,13.958333,1,1,1,0.036495,0.056445,0.337655,0.400000,0.400000 
15/02/2012 00:00,734914.000000,14.000000,1,1,1,0.036453,0.056391,0.337441,0.400000,0.400000 
15/02/2012 01:00,734914.041667,14.041667,1,1,1,0.036412,0.056337,0.337223,0.400000,0.400000 
15/02/2012 02:00,734914.083333,14.083333,1,1,1,0.036371,0.056284,0.337001,0.400000,0.400000 
15/02/2012 03:00,734914.125000,14.125000,1,1,1,0.036330,0.056230,0.336776,0.400000,0.400000 
15/02/2012 04:00,734914.166667,14.166667,1,1,1,0.036289,0.056177,0.336546,0.400000,0.400000 
15/02/2012 05:00,734914.208333,14.208333,1,1,1,0.036249,0.056124,0.336313,0.400000,0.400000 
15/02/2012 06:00,734914.250000,14.250000,1,1,1,0.036208,0.056072,0.336076,0.400000,0.400000 
15/02/2012 07:00,734914.291667,14.291667,1,1,1,0.036168,0.056019,0.335835,0.400000,0.400000 
15/02/2012 08:00,734914.333333,14.333333,1,1,1,0.036128,0.055966,0.335590,0.400000,0.400000 
15/02/2012 09:00,734914.375000,14.375000,1,1,1,0.036088,0.055914,0.335341,0.400000,0.400000 
15/02/2012 10:00,734914.416667,14.416667,1,1,1,0.036049,0.055862,0.335089,0.400000,0.400000 
15/02/2012 11:00,734914.458333,14.458333,1,1,1,0.036009,0.055810,0.334833,0.400000,0.400000 
15/02/2012 12:00,734914.500000,14.500000,1,1,1,0.035970,0.055758,0.334572,0.400000,0.400000 
15/02/2012 13:00,734914.541667,14.541667,1,1,1,0.035931,0.055707,0.334307,0.400000,0.400000 
15/02/2012 14:00,734914.583333,14.583333,1,1,1,0.035892,0.055655,0.334038,0.400000,0.400000 
15/02/2012 15:00,734914.625000,14.625000,1,1,1,0.035853,0.055604,0.333765,0.400000,0.400000 
15/02/2012 16:00,734914.666667,14.666667,1,1,1,0.035815,0.055552,0.333488,0.400000,0.400000 
15/02/2012 17:00,734914.708333,14.708333,1,1,1,0.035776,0.055501,0.333206,0.400000,0.400000 
15/02/2012 18:00,734914.750000,14.750000,1,1,1,0.035738,0.055450,0.332920,0.400000,0.400000 
15/02/2012 19:00,734914.791667,14.791667,1,1,1,0.035700,0.055400,0.332631,0.400000,0.400000 
15/02/2012 20:00,734914.833333,14.833333,1,1,1,0.035662,0.055349,0.332337,0.400000,0.400000 
15/02/2012 21:00,734914.875000,14.875000,1,1,1,0.035625,0.055299,0.332039,0.400000,0.400000 
15/02/2012 22:00,734914.916667,14.916667,1,1,1,0.035587,0.055248,0.331737,0.400000,0.400000 
15/02/2012 23:00,734914.958333,14.958333,1,1,1,0.035550,0.055198,0.331432,0.400000,0.400000 
16/02/2012 00:00,734915.000000,15.000000,1,1,1,0.035513,0.055148,0.331122,0.400000,0.400000 
16/02/2012 01:00,734915.041667,15.041667,1,1,1,0.035476,0.055098,0.330809,0.400000,0.400000 
16/02/2012 02:00,734915.083333,15.083333,1,1,1,0.035439,0.055048,0.330491,0.400000,0.400000 
16/02/2012 03:00,734915.125000,15.125000,1,1,1,0.035402,0.054999,0.330170,0.400000,0.400000 
16/02/2012 04:00,734915.166667,15.166667,1,1,1,0.035365,0.054949,0.329845,0.400000,0.400000 
16/02/2012 05:00,734915.208333,15.208333,1,1,1,0.035329,0.054900,0.329516,0.400000,0.400000 
16/02/2012 06:00,734915.250000,15.250000,1,1,1,0.035293,0.054850,0.329183,0.400000,0.400000 
16/02/2012 07:00,734915.291667,15.291667,1,1,1,0.035256,0.054801,0.328845,0.400000,0.400000 
16/02/2012 08:00,734915.333333,15.333333,1,1,1,0.035221,0.054752,0.328504,0.400000,0.400000 
16/02/2012 09:00,734915.375000,15.375000,1,1,1,0.035185,0.054703,0.328159,0.400000,0.400000 
16/02/2012 10:00,734915.416667,15.416667,1,1,1,0.035149,0.054655,0.327809,0.400000,0.400000 
16/02/2012 11:00,734915.458333,15.458333,1,1,1,0.035114,0.054606,0.327455,0.400000,0.400000 
16/02/2012 12:00,734915.500000,15.500000,1,1,1,0.035078,0.054558,0.327096,0.400000,0.400000 
16/02/2012 13:00,734915.541667,15.541667,1,1,1,0.035043,0.054509,0.326732,0.400000,0.400000 
16/02/2012 14:00,734915.583333,15.583333,1,1,1,0.035008,0.054461,0.326364,0.400000,0.400000 
16/02/2012 15:00,734915.625000,15.625000,1,1,1,0.034973,0.054413,0.325990,0.400000,0.400000 
16/02/2012 16:00,734915.666667,15.666667,1,1,1,0.034938,0.054365,0.325612,0.400000,0.400000 
16/02/2012 17:00,734915.708333,15.708333,1,1,1,0.034904,0.054317,0.325228,0.400000,0.400000 
16/02/2012 18:00,734915.750000,15.750000,1,1,1,0.034869,0.054269,0.324839,0.400000,0.400000 
16/02/2012 19:00,734915.791667,15.791667,1,1,1,0.034835,0.054222,0.324444,0.400000,0.400000 
16/02/2012 20:00,734915.833333,15.833333,1,1,1,0.034800,0.054174,0.324044,0.400000,0.400000 
16/02/2012 21:00,734915.875000,15.875000,1,1,1,0.034766,0.054127,0.323638,0.400000,0.400000 
16/02/2012 22:00,734915.916667,15.916667,1,1,1,0.034732,0.054079,0.323226,0.400000,0.400000 
16/02/2012 23:00,734915.958333,15.958333,1,1,1,0.034699,0.054032,0.322809,0.400000,0.400000 
17/02/2012 00:00,734916.000000,16.000000,1,1,1,0.034665,0.053985,0.322386,0.400000,0.400000 
17/02/2012 01:00,734916.041667,16.041667,1,1,1,0.034631,0.053938,0.321958,0.400000,0.400000 
17/02/2012 02:00,734916.083333,16.083333,1,1,1,0.034598,0.053891,0.321523,0.400000,0.400000 
17/02/2012 03:00,734916.125000,16.125000,1,1,1,0.034565,0.053844,0.321081,0.400000,0.400000 
17/02/2012 04:00,734916.166667,16.166667,1,1,1,0.034531,0.053798,0.320634,0.400000,0.400000 
17/02/2012 05:00,734916.208333,16.208333,1,1,1,0.034498,0.053751,0.320180,0.400000,0.400000 
17/02/2012 06:00,734916.250000,16.250000,1,1,1,0.034466,0.053704,0.319720,0.400000,0.400000 
17/02/2012 07:00,734916.291667,16.291667,1,1,1,0.034433,0.053658,0.319253,0.400000,0.400000 
17/02/2012 08:00,734916.333333,16.333333,1,1,1,0.034400,0.053612,0.318779,0.400000,0.400000 
17/02/2012 09:00,734916.375000,16.375000,1,1,1,0.034368,0.053566,0.318299,0.400000,0.400000 
17/02/2012 10:00,734916.416667,16.416667,1,1,1,0.034335,0.053520,0.317812,0.400000,0.400000 
17/02/2012 11:00,734916.458333,16.458333,1,1,1,0.034303,0.053474,0.317318,0.400000,0.400000 
17/02/2012 12:00,734916.500000,16.500000,1,1,1,0.034271,0.053428,0.316818,0.400000,0.400000 
17/02/2012 13:00,734916.541667,16.541667,1,1,1,0.034239,0.053382,0.316311,0.400000,0.400000 
17/02/2012 14:00,734916.583333,16.583333,1,1,1,0.034207,0.053336,0.315798,0.400000,0.400000 
17/02/2012 15:00,734916.625000,16.625000,1,1,1,0.034175,0.053291,0.315278,0.400000,0.400000 
17/02/2012 16:00,734916.666667,16.666667,1,1,1,0.034143,0.053245,0.314752,0.400000,0.400000 
17/02/2012 17:00,734916.708333,16.708333,1,1,1,0.034112,0.053200,0.314219,0.400000,0.400000 
17/02/2012 18:00,734916.750000,16.750000,1,1,1,0.034080,0.053154,0.313680,0.400000,0.400000 
17/02/2012 19:00,734916.791667,16.791667,1,1,1,0.034049,0.053109,0.313134,0.400000,0.400000 
17/02/2012 20:00,734916.833333,16.833333,1,1,1,0.034018,0.053064,0.312581,0.400000,0.400000 
17/02/2012 21:00,734916.875000,16.875000,1,1,1,0.033987,0.053019,0.312022,0.400000,0.400000 
17/02/2012 22:00,734916.916667,16.916667,1,1,1,0.033956,0.052974,0.311457,0.400000,0.400000 
17/02/2012 23:00,734916.958333,16.958333,1,1,1,0.033925,0.052929,0.310884,0.400000,0.400000 
18/02/2012 00:00,734917.000000,17.000000,1,1,1,0.033894,0.052884,0.310306,0.400000,0.400000 
18/02/2012 01:00,734917.041667,17.041667,1,1,1,0.033864,0.052839,0.309720,0.400000,0.400000 
18/02/2012 02:00,734917.083333,17.083333,1,1,1,0.033833,0.052794,0.309129,0.400000,0.400000 
18/02/2012 03:00,734917.125000,17.125000,1,1,1,0.033803,0.052750,0.308530,0.400000,0.400000 
18/02/2012 04:00,734917.166667,17.166667,1,1,1,0.033773,0.052705,0.307925,0.400000,0.400000 
18/02/2012 05:00,734917.208333,17.208333,1,1,1,0.033742,0.052661,0.307314,0.400000,0.400000 
18/02/2012 06:00,734917.250000,17.250000,1,1,1,0.033712,0.052616,0.306696,0.400000,0.400000 
18/02/2012 07:00,734917.291667,17.291667,1,1,1,0.033682,0.052572,0.306072,0.400000,0.400000 
18/02/2012 08:00,734917.333333,17.333333,1,1,1,0.033653,0.052528,0.305441,0.400000,0.400000 
18/02/2012 09:00,734917.375000,17.375000,1,1,1,0.033623,0.052483,0.304804,0.400000,0.400000 
18/02/2012 10:00,734917.416667,17.416667,1,1,1,0.033593,0.052439,0.304161,0.400000,0.400000 
18/02/2012 11:00,734917.458333,17.458333,1,1,1,0.033564,0.052395,0.303511,0.400000,0.400000 
18/02/2012 12:00,734917.500000,17.500000,1,1,1,0.033534,0.052351,0.302854,0.400000,0.400000 
18/02/2012 13:00,734917.541667,17.541667,1,1,1,0.033505,0.052307,0.302192,0.400000,0.400000 
18/02/2012 14:00,734917.583333,17.583333,1,1,1,0.033476,0.052264,0.301522,0.400000,0.400000 
18/02/2012 15:00,734917.625000,17.625000,1,1,1,0.033446,0.052220,0.300844,0.400000,0.400000 
18/02/2012 16:00,734917.666667,17.666667,1,1,1,0.033417,0.052176,0.300159,0.400000,0.400000 
18/02/2012 17:00,734917.708333,17.708333,1,1,1,0.033389,0.052132,0.299466,0.400000,0.400000 
18/02/2012 18:00,734917.750000,17.750000,1,1,1,0.033360,0.052089,0.298766,0.400000,0.400000 
18/02/2012 19:00,734917.791667,17.791667,1,1,1,0.033331,0.052045,0.298059,0.400000,0.400000 
18/02/2012 20:00,734917.833333,17.833333,1,1,1,0.033302,0.052002,0.297344,0.400000,0.400000 
18/02/2012 21:00,734917.875000,17.875000,1,1,1,0.033274,0.051958,0.296622,0.400000,0.400000 
18/02/2012 22:00,734917.916667,17.916667,1,1,1,0.033245,0.051915,0.295893,0.400000,0.400000 
18/02/2012 23:00,734917.958333,17.958333,1,1,1,0.033217,0.051872,0.295156,0.400000,0.400000 
19/02/2012 00:00,734918.000000,18.000000,1,1,1,0.033189,0.051829,0.294410,0.400000,0.400000 
19/02/2012 01:00,734918.041667,18.041667,1,1,1,0.033161,0.051785,0.293656,0.400000,0.400000 
19/02/2012 02:00,734918.083333,18.083333,1,1,1,0.033133,0.051742,0.292893,0.400000,0.400000 
19/02/2012 03:00,734918.125000,18.125000,1,1,1,0.033105,0.051699,0.292120,0.400000,0.400000 
19/02/2012 04:00,734918.166667,18.166667,1,1,1,0.033077,0.051656,0.291336,0.400000,0.400000 
19/02/2012 05:00,734918.208333,18.208333,1,1,1,0.033049,0.051613,0.290543,0.400000,0.400000 
19/02/2012 06:00,734918.250000,18.250000,1,1,1,0.033021,0.051570,0.289739,0.400000,0.400000 
19/02/2012 07:00,734918.291667,18.291667,1,1,1,0.032994,0.051528,0.288925,0.400000,0.400000 
19/02/2012 08:00,734918.333333,18.333333,1,1,1,0.032966,0.051485,0.288101,0.400000,0.400000 
19/02/2012 09:00,734918.375000,18.375000,1,1,1,0.032939,0.051442,0.287267,0.400000,0.400000 
19/02/2012 10:00,734918.416667,18.416667,1,1,1,0.032912,0.051399,0.286423,0.400000,0.400000 
19/02/2012 11:00,734918.458333,18.458333,1,1,1,0.032884,0.051357,0.285570,0.400000,0.400000 
19/02/2012 12:00,734918.500000,18.500000,1,1,1,0.032857,0.051314,0.284706,0.400000,0.400000 
19/02/2012 13:00,734918.541667,18.541667,1,1,1,0.032830,0.051271,0.283833,0.400000,0.400000 
19/02/2012 14:00,734918.583333,18.583333,1,1,1,0.032803,0.051229,0.282951,0.400000,0.400000 
19/02/2012 15:00,734918.625000,18.625000,1,1,1,0.032776,0.051186,0.282059,0.400000,0.400000 
19/02/2012 16:00,734918.666667,18.666667,1,1,1,0.032749,0.051144,0.281159,0.400000,0.400000 
19/02/2012 17:00,734918.708333,18.708333,1,1,1,0.032723,0.051101,0.280249,0.400000,0.400000 
19/02/2012 18:00,734918.750000,18.750000,1,1,1,0.032696,0.051059,0.279331,0.400000,0.400000 
19/02/2012 19:00,734918.791667,18.791667,1,1,1,0.032670,0.051017,0.278404,0.400000,0.400000 
19/02/2012 20:00,734918.833333,18.833333,1,1,1,0.032643,0.050974,0.277469,0.400000,0.400000 
19/02/2012 21:00,734918.875000,18.875000,1,1,1,0.032617,0.050932,0.276525,0.400000,0.400000 
19/02/2012 22:00,734918.916667,18.916667,1,1,1,0.032590,0.050890,0.275573,0.400000,0.400000 
19/02/2012 23:00,734918.958333,18.958333,1,1,1,0.032564,0.050847,0.274614,0.400000,0.400000 
20/02/2012 00:00,734919.000000,19.000000,1,1,1,0.032538,0.050805,0.273645,0.400000,0.400000 
20/02/2012 01:00,734919.041667,19.041667,1,1,1,0.032512,0.050763,0.272669,0.400000,0.400000 
20/02/2012 02:00,734919.083333,19.083333,1,1,1,0.032486,0.050721,0.271685,0.400000,0.400000 
20/02/2012 03:00,734919.125000,19.125000,1,1,1,0.032460,0.050679,0.270692,0.400000,0.400000 
20/02/2012 04:00,734919.166667,19.166667,1,1,1,0.032434,0.050637,0.269692,0.400000,0.400000 
20/02/2012 05:00,734919.208333,19.208333,1,1,1,0.032409,0.050595,0.268684,0.400000,0.400000 
20/02/2012 06:00,734919.250000,19.250000,1,1,1,0.032383,0.050553,0.267669,0.400000,0.400000 
20/02/2012 07:00,734919.291667,19.291667,1,1,1,0.032358,0.050511,0.266647,0.400000,0.400000 
20/02/2012 08:00,734919.333333,19.333333,1,1,1,0.032332,0.050469,0.265617,0.400000,0.400000 
20/02/2012 09:00,734919.375000,19.375000,1,1,1,0.032307,0.050427,0.264581,0.400000,0.400000 
20/02/2012 10:00,734919.416667,19.416667,1,1,1,0.032281,0.050385,0.263539,0.400000,0.400000 
20/02/2012 11:00,734919.458333,19.458333,1,1,1,0.032256,0.050343,0.262490,0.400000,0.400000 
20/02/2012 12:00,734919.500000,19.500000,1,1,1,0.032231,0.050301,0.261434,0.400000,0.400000 
20/02/2012 13:00,734919.541667,19.541667,1,1,1,0.032206,0.050259,0.260373,0.400000,0.400000 
20/02/2012 14:00,734919.583333,19.583333,1,1,1,0.032181,0.050217,0.259306,0.400000,0.400000 
20/02/2012 15:00,734919.625000,19.625000,1,1,1,0.032156,0.050176,0.258233,0.400000,0.400000 
20/02/2012 16:00,734919.666667,19.666667,1,1,1,0.032131,0.050134,0.257154,0.400000,0.400000 
20/02/2012 17:00,734919.708333,19.708333,1,1,1,0.032106,0.050092,0.256069,0.400000,0.400000 
20/02/2012 18:00,734919.750000,19.750000,1,1,1,0.032081,0.050050,0.254980,0.400000,0.400000 
20/02/2012 19:00,734919.791667,19.791667,1,1,1,0.032057,0.050008,0.253885,0.400000,0.400000 
20/02/2012 20:00,734919.833333,19.833333,1,1,1,0.032032,0.049967,0.252785,0.400000,0.400000 
20/02/2012 21:00,734919.875000,19.875000,1,1,1,0.032008,0.049925,0.251680,0.400000,0.400000 
20/02/2012 22:00,734919.916667,19.916667,1,1,1,0.031983,0.049883,0.250571,0.400000,0.400000 
20/02/2012 23:00,734919.958333,19.958333,1,1,1,0.031959,0.049842,0.249457,0.400000,0.400000 
21/02/2012 00:00,734920.000000,20.000000,1,1,1,0.031934,0.049800,0.248339,0.400000,0.400000 
21/02/2012 01:00,734920.041667,20.041667,1,1,1,0.031910,0.049758,0.247217,0.400000,0.400000 
21/02/2012 02:00,734920.083333,20.083333,1,1,1,0.031886,0.049717,0.246090,0.400000,0.400000 
21/02/2012 03:00,734920.125000,20.125000,1,1,1,0.031862,0.049675,0.244960,0.400000,0.400000 
21/02/2012 04:00,734920.166667,20.166667,1,1,1,0.031838,0.049634,0.243826,0.400000,0.400000 
21/02/2012 05:00,734920.208333,20.208333,1,1,1,0.031814,0.049592,0.242688,0.400000,0.400000 
21/02/2012 06:00,734920.250000,20.250000,1,1,1,0.031790,0.049550,0.241547,0.400000,0.400000 
21/02/2012 07:00,734920.291667,20.291667,1,1,1,0.031766,0.049509,0.240403,0.400000,0.400000 
21/02/2012 08:00,734920.333333,20.333333,1,1,1,0.031742,0.049467,0.239256,0.400000,0.400000 
21/02/2012 09:00,734920.375000,20.375000,1,1,1,0.031719,0.049426,0.238106,0.400000,0.400000 
21/02/2012 10:00,734920.416667,20.416667,1,1,1,0.031695,0.049384,0.236953,0.400000,0.400000 
21/02/2012 11:00,734920.458333,20.458333,1,1,1,0.031671,0.049343,0.235799,0.400000,0.400000 
21/02/2012 12:00,734920.500000,20.500000,1,1,1,0.031648,0.049301,0.234641,0.400000,0.400000 
21/02/2012 13:00,734920.541667,20.541667,1,1,1,0.031624,0.049260,0.233482,0.400000,0.400000 
21/02/2012 14:00,734920.583333,20.583333,1,1,1,0.031601,0.049218,0.232322,0.400000,0.400000 
21/02/2012 15:00,734920.625000,20.625000,1,1,1,0.031578,0.049177,0.231160,0.400000,0.400000 
21/02/2012 16:00,734920.666667,20.666667,1,1,1,0.031554,0.049136,0.229997,0.400000,0.400000 
21/02/2012 17:00,734920.708333,20.708333,1,1,1,0.031531,0.049094,0.228834,0.400000,0.400000 
21/02/2012 18:00,734920.750000,20.750000,1,1,1,0.031508,0.049053,0.227670,0.400000,0.400000 
21/02/2012 19:00,734920.791667,20.791667,1,1,1,0.031485,0.049011,0.226507,0.400000,0.400000 
21/02/2012 20:00,734920.833333,20.833333,1,1,1,0.031462,0.048970,0.225343,0.400000,0.400000 
21/02/2012 21:00,734920.875000,20.875000,1,1,1,0.031439,0.048929,0.224179,0.400000,0.400000 
21/02/2012 22:00,734920.916667,20.916667,1,1,1,0.031416,0.048887,0.223015,0.400000,0.400000 
21/02/2012 23:00,734920.958333,20.958333,1,1,1,0.031393,0.048846,0.221853,0.400000,0.400000 
22/02/2012 00:00,734921.000000,21.000000,1,1,1,0.031371,0.048805,0.220691,0.400000,0.400000 
22/02/2012 01:00,734921.041667,21.041667,1,1,1,0.031348,0.048763,0.219530,0.400000,0.400000 
22/02/2012 02:00,734921.083333,21.083333,1,1,1,0.031325,0.048722,0.218371,0.400000,0.400000 
22/02/2012 03:00,734921.125000,21.125000,1,1,1,0.031303,0.048681,0.217214,0.400000,0.400000 
22/02/2012 04:00,734921.166667,21.166667,1,1,1,0.031280,0.048639,0.216058,0.400000,0.400000 
22/02/2012 05:00,734921.208333,21.208333,1,1,1,0.031258,0.048598,0.214905,0.400000,0.400000 
22/02/2012 06:00,734921.250000,21.250000,1,1,1,0.031235,0.048557,0.213755,0.400000,0.400000 
22/02/2012 07:00,734921.291667,21.291667,1,1,1,0.031213,0.048516,0.212608,0.400000,0.400000 
22/02/2012 08:00,734921.333333,21.333333,1,1,1,0.031191,0.048474,0.211463,0.400000,0.400000 
22/02/2012 09:00,734921.375000,21.375000,1,1,1,0.031168,0.048433,0.210323,0.400000,0.400000 
22/02/2012 10:00,734921.416667,21.416667,1,1,1,0.031146,0.048392,0.209186,0.400000,0.400000 
22/02/2012 11:00,734921.458333,21.458333,1,1,1,0.031124,0.048351,0.208053,0.400000,0.400000 
22/02/2012 12:00,734921.500000,21.500000,1,1,1,0.031102,0.048309,0.206924,0.400000,0.400000 
22/02/2012 13:00,734921.541667,21.541667,1,1,1,0.031080,0.048268,0.205800,0.400000,0.400000 
22/02/2012 14:00,734921.583333,21.583333,1,1,1,0.031058,0.048227,0.204680,0.400000,0.400000 
22/02/2012 15:00,734921.625000,21.625000,1,1,1,0.031036,0.048186,0.203565,0.400000,0.400000 
22/02/2012 16:00,734921.666667,21.666667,1,1,1,0.031014,0.048145,0.202455,0.400000,0.400000 
22/02/2012 17:00,734921.708333,21.708333,1,1,1,0.030993,0.048104,0.201350,0.400000,0.400000 
22/02/2012 18:00,734921.750000,21.750000,1,1,1,0.030971,0.048063,0.200250,0.400000,0.400000 
22/02/2012 19:00,734921.791667,21.791667,1,1,1,0.030949,0.048021,0.199156,0.400000,0.400000 
22/02/2012 20:00,734921.833333,21.833333,1,1,1,0.030928,0.047980,0.198067,0.400000,0.400000 
22/02/2012 21:00,734921.875000,21.875000,1,1,1,0.030906,0.047939,0.196985,0.400000,0.400000 
22/02/2012 22:00,734921.916667,21.916667,1,1,1,0.030884,0.047898,0.195908,0.400000,0.400000 
22/02/2012 23:00,734921.958333,21.958333,1,1,1,0.030863,0.047857,0.194837,0.400000,0.400000 
23/02/2012 00:00,734922.000000,22.000000,1,1,1,0.030842,0.047816,0.193773,0.400000,0.400000 
23/02/2012 01:00,734922.041667,22.041667,1,1,1,0.030820,0.047775,0.192715,0.400000,0.400000 
23/02/2012 02:00,734922.083333,22.083333,1,1,1,0.030799,0.047734,0.191663,0.400000,0.400000 
23/02/2012 03:00,734922.125000,22.125000,1,1,1,0.030778,0.047693,0.190618,0.400000,0.400000 
23/02/2012 04:00,734922.166667,22.166667,1,1,1,0.030756,0.047653,0.189580,0.400000,0.400000 
23/02/2012 05:00,734922.208333,22.208333,1,1,1,0.030735,0.047612,0.188548,0.400000,0.400000 
23/02/2012 06:00,734922.250000,22.250000,1,1,1,0.030714,0.047571,0.187524,0.400000,0.400000 
23/02/2012 07:00,734922.291667,22.291667,1,1,1,0.030693,0.047530,0.186507,0.400000,0.400000 
23/02/2012 08:00,734922.333333,22.333333,1,1,1,0.030672,0.047489,0.185496,0.400000,0.400000 
23/02/2012 09:00,734922.375000,22.375000,1,1,1,0.030651,0.047448,0.184493,0.400000,0.400000 
23/02/2012 10:00,734922.416667,22.416667,1,1,1,0.030630,0.047408,0.183497,0.400000,0.400000 
23/02/2012 11:00,734922.458333,22.458333,1,1,1,0.030609,0.047367,0.182509,0.400000,0.400000 
23/02/2012 12:00,734922.500000,22.500000,1,1,1,0.030588,0.047326,0.181528,0.400000,0.400000 
23/02/2012 13:00,734922.541667,22.541667,1,1,1,0.030568,0.047285,0.180554,0.400000,0.400000 
23/02/2012 14:00,734922.583333,22.583333,1,1,1,0.030547,0.047245,0.179589,0.400000,0.400000 
23/02/2012 15:00,734922.625000,22.625000,1,1,1,0.030526,0.047204,0.178631,0.400000,0.400000 
23/02/2012 16:00,734922.666667,22.666667,1,1,1,0.030506,0.047163,0.177680,0.400000,0.400000 
23/02/2012 17:00,734922.708333,22.708333,1,1,1,0.030485,0.047123,0.176738,0.400000,0.400000 
23/02/2012 18:00,734922.750000,22.750000,1,1,1,0.030465,0.047082,0.175804,0.400000,0.400000 
23/02/2012 19:00,734922.791667,22.791667,1,1,1,0.030444,0.047042,0.174877,0.400000,0.400000 
23/02/2012 20:00,734922.833333,22.833333,1,1,1,0.030424,0.047001,0.173958,0.400000,0.400000 
23/02/2012 21:00,734922.875000,22.875000,1,1,1,0.030403,0.046961,0.173048,0.400000,0.400000 
23/02/2012 22:00,734922.916667,22.916667,1,1,1,0.030383,0.046920,0.172145,0.400000,0.400000 
23/02/2012 23:00,734922.958333,22.958333,1,1,1,0.030363,0.046880,0.171251,0.400000,0.400000 
24/02/2012 00:00,734923.000000,23.000000,1,1,1,0.030342,0.046840,0.170364,0.400000,0.400000 
24/02/2012 01:00,734923.041667,23.041667,1,1,1,0.030322,0.046799,0.169486,0.400000,0.400000 
24/02/2012 02:00,734923.083333,23.083333,1,1,1,0.030302,0.046759,0.168615,0.400000,0.400000 
24/02/2012 03:00,734923.125000,23.125000,1,1,1,0.030282,0.046719,0.167753,0.400000,0.400000 
24/02/2012 04:00,734923.166667,23.166667,1,1,1,0.030262,0.046678,0.166898,0.400000,0.400000 
24/02/2012 05:00,734923.208333,23.208333,1,1,1,0.030242,0.046638,0.166052,0.400000,0.400000 
24/02/2012 06:00,734923.250000,23.250000,1,1,1,0.030222,0.046598,0.165213,0.400000,0.400000 
24/02/2012 07:00,734923.291667,23.291667,1,1,1,0.030202,0.046558,0.164382,0.400000,0.400000 
24/02/2012 08:00,734923.333333,23.333333,1,1,1,0.030182,0.046518,0.163559,0.400000,0.400000 
24/02/2012 09:00,734923.375000,23.375000,1,1,1,0.030162,0.046478,0.162744,0.400000,0.400000 
24/02/2012 10:00,734923.416667,23.416667,1,1,1,0.030142,0.046438,0.161937,0.400000,0.400000 
24/02/2012 11:00,734923.458333,23.458333,1,1,1,0.030123,0.046398,0.161138,0.400000,0.400000 
24/02/2012 12:00,734923.500000,23.500000,1,1,1,0.030103,0.046358,0.160346,0.400000,0.400000 
24/02/2012 13:00,734923.541667,23.541667,1,1,1,0.030083,0.046318,0.159562,0.400000,0.400000 
24/02/2012 14:00,734923.583333,23.583333,1,1,1,0.030063,0.046278,0.158785,0.400000,0.400000 
24/02/2012 15:00,734923.625000,23.625000,1,1,1,0.030044,0.046239,0.158016,0.400000,0.400000 
24/02/2012 16:00,734923.666667,23.666667,1,1,1,0.030024,0.046199,0.157255,0.400000,0.400000 
24/02/2012 17:00,734923.708333,23.708333,1,1,1,0.030005,0.046159,0.156501,0.400000,0.400000 
24/02/2012 18:00,734923.750000,23.750000,1,1,1,0.029985,0.046119,0.155755,0.400000,0.400000 
24/02/2012 19:00,734923.791667,23.791667,1,1,1,0.029966,0.046080,0.155015,0.400000,0.400000 
24/02/2012 20:00,734923.833333,23.833333,1,1,1,0.029947,0.046040,0.154284,0.400000,0.400000 
24/02/2012 21:00,734923.875000,23.875000,1,1,1,0.029927,0.046001,0.153559,0.400000,0.400000 
24/02/2012 22:00,734923.916667,23.916667,1,1,1,0.029908,0.045961,0.152841,0.400000,0.400000 
24/02/2012 23:00,734923.958333,23.958333,1,1,1,0.029889,0.045922,0.152131,0.400000,0.400000 
25/02/2012 00:00,734924.000000,24.000000,1,1,1,0.029869,0.045883,0.151428,0.400000,0.400000 
25/02/2012 01:00,734924.041667,24.041667,1,1,1,0.029850,0.045843,0.150731,0.400000,0.400000 
25/02/2012 02:00,734924.083333,24.083333,1,1,1,0.029831,0.045804,0.150042,0.400000,0.400000 
25/02/2012 03:00,734924.125000,24.125000,1,1,1,0.029812,0.045765,0.149359,0.400000,0.400000 
25/02/2012 04:00,734924.166667,24.166667,1,1,1,0.029793,0.045726,0.148684,0.400000,0.400000 
25/02/2012 05:00,734924.208333,24.208333,1,1,1,0.029774,0.045686,0.148015,0.400000,0.400000 
25/02/2012 06:00,734924.250000,24.250000,1,1,1,0.029755,0.045647,0.147352,0.400000,0.400000 
25/02/2012 07:00,734924.291667,24.291667,1,1,1,0.029736,0.045608,0.146696,0.400000,0.400000 
25/02/2012 08:00,734924.333333,24.333333,1,1,1,0.029717,0.045569,0.146047,0.400000,0.400000 
25/02/2012 09:00,734924.375000,24.375000,1,1,1,0.029698,0.045531,0.145404,0.400000,0.400000 
25/02/2012 10:00,734924.416667,24.416667,1,1,1,0.029680,0.045492,0.144768,0.400000,0.400000 
25/02/2012 11:00,734924.458333,24.458333,1,1,1,0.029661,0.045453,0.144138,0.400000,0.400000 
25/02/2012 12:00,734924.500000,24.500000,1,1,1,0.029642,0.045414,0.143514,0.400000,0.400000 
25/02/2012 13:00,734924.541667,24.541667,1,1,1,0.029623,0.045375,0.142896,0.400000,0.400000 
25/02/2012 14:00,734924.583333,24.583333,1,1,1,0.029605,0.045337,0.142284,0.400000,0.400000 
25/02/2012 15:00,734924.625000,24.625000,1,1,1,0.029586,0.045298,0.141678,0.400000,0.400000 
25/02/2012 16:00,734924.666667,24.666667,1,1,1,0.029567,0.045260,0.141079,0.400000,0.400000 
25/02/2012 17:00,734924.708333,24.708333,1,1,1,0.029549,0.045221,0.140485,0.400000,0.400000 
25/02/2012 18:00,734924.750000,24.750000,1,1,1,0.029530,0.045183,0.139896,0.400000,0.400000 
25/02/2012 19:00,734924.791667,24.791667,1,1,1,0.029512,0.045145,0.139314,0.400000,0.400000 
25/02/2012 20:00,734924.833333,24.833333,1,1,1,0.029493,0.045106,0.138737,0.400000,0.400000 
25/02/2012 21:00,734924.875000,24.875000,1,1,1,0.029475,0.045068,0.138166,0.400000,0.400000 
25/02/2012 22:00,734924.916667,24.916667,1,1,1,0.029457,0.045030,0.137601,0.400000,0.400000 
25/02/2012 23:00,734924.958333,24.958333,1,1,1,0.029438,0.044992,0.137041,0.400000,0.400000 
26/02/2012 00:00,734925.000000,25.000000,1,1,1,0.029420,0.044954,0.136487,0.400000,0.400000 
26/02/2012 01:00,734925.041667,25.041667,1,1,1,0.029402,0.044916,0.135937,0.400000,0.400000 
26/02/2012 02:00,734925.083333,25.083333,1,1,1,0.029384,0.044878,0.135394,0.400000,0.400000 
26/02/2012 03:00,734925.125000,25.125000,1,1,1,0.029365,0.044840,0.134855,0.400000,0.400000 
26/02/2012 04:00,734925.166667,25.166667,1,1,1,0.029347,0.044802,0.134322,0.400000,0.400000 
26/02/2012 05:00,734925.208333,25.208333,1,1,1,0.029329,0.044764,0.133794,0.400000,0.400000 
26/02/2012 06:00,734925.250000,25.250000,1,1,1,0.029311,0.044727,0.133271,0.400000,0.400000 
26/02/2012 07:00,734925.291667,25.291667,1,1,1,0.029293,0.044689,0.132753,0.400000,0.400000 
26/02/2012 08:00,734925.333333,25.333333,1,1,1,0.029275,0.044651,0.132239,0.400000,0.400000 
26/02/2012 09:00,734925.375000,25.375000,1,1,1,0.029257,0.044614,0.131731,0.400000,0.400000 
26/02/2012 10:00,734925.416667,25.416667,1,1,1,0.029239,0.044577,0.131228,0.400000,0.400000 
26/02/2012 11:00,734925.458333,25.458333,1,1,1,0.029221,0.044539,0.130729,0.400000,0.400000 
26/02/2012 12:00,734925.500000,25.500000,1,1,1,0.029203,0.044502,0.130235,0.400000,0.400000 
26/02/2012 13:00,734925.541667,25.541667,1,1,1,0.029186,0.044465,0.129746,0.400000,0.400000 
26/02/2012 14:00,734925.583333,25.583333,1,1,1,0.029168,0.044427,0.129261,0.400000,0.400000 
26/02/2012 15:00,734925.625000,25.625000,1,1,1,0.029150,0.044390,0.128781,0.400000,0.400000 
26/02/2012 16:00,734925.666667,25.666667,1,1,1,0.029132,0.044353,0.128306,0.400000,0.400000 
26/02/2012 17:00,734925.708333,25.708333,1,1,1,0.029115,0.044316,0.127834,0.400000,0.400000 
26/02/2012 18:00,734925.750000,25.750000,1,1,1,0.029097,0.044279,0.127367,0.400000,0.400000 
26/02/2012 19:00,734925.791667,25.791667,1,1,1,0.029079,0.044242,0.126905,0.400000,0.400000 
26/02/2012 20:00,734925.833333,25.833333,1,1,1,0.029062,0.044206,0.126446,0.400000,0.400000 
26/02/2012 21:00,734925.875000,25.875000,1,1,1,0.029044,0.044169,0.125992,0.400000,0.400000 
26/02/2012 22:00,734925.916667,25.916667,1,1,1,0.029027,0.044132,0.125542,0.400000,0.400000 
26/02/2012 23:00,734925.958333,25.958333,1,1,1,0.029009,0.044096,0.125096,0.400000,0.400000 
27/02/2012 00:00,734926.000000,26.000000,1,1,1,0.028992,0.044059,0.124654,0.400000,0.400000 
27/02/2012 01:00,734926.041667,26.041667,1,1,1,0.028974,0.044023,0.124217,0.400000,0.400000 
27/02/2012 02:00,734926.083333,26.083333,1,1,1,0.028957,0.043986,0.123783,0.400000,0.400000 
27/02/2012 03:00,734926.125000,26.125000,1,1,1,0.028940,0.043950,0.123352,0.400000,0.400000 
27/02/2012 04:00,734926.166667,26.166667,1,1,1,0.028922,0.043914,0.122926,0.400000,0.400000 
27/02/2012 05:00,734926.208333,26.208333,1,1,1,0.028905,0.043878,0.122504,0.400000,0.400000 
27/02/2012 06:00,734926.250000,26.250000,1,1,1,0.028888,0.043841,0.122085,0.400000,0.400000 
27/02/2012 07:00,734926.291667,26.291667,1,1,1,0.028871,0.043805,0.121670,0.400000,0.400000 
27/02/2012 08:00,734926.333333,26.333333,1,1,1,0.028853,0.043769,0.121258,0.400000,0.400000 
27/02/2012 09:00,734926.375000,26.375000,1,1,1,0.028836,0.043733,0.120850,0.400000,0.400000 
27/02/2012 10:00,734926.416667,26.416667,1,1,1,0.028819,0.043697,0.120446,0.400000,0.400000 
27/02/2012 11:00,734926.458333,26.458333,1,1,1,0.028802,0.043662,0.120045,0.400000,0.400000 
27/02/2012 12:00,734926.500000,26.500000,1,1,1,0.028785,0.043626,0.119647,0.400000,0.400000 
27/02/2012 13:00,734926.541667,26.541667,1,1,1,0.028768,0.043590,0.119253,0.400000,0.400000 
27/02/2012 14:00,734926.583333,26.583333,1,1,1,0.028751,0.043555,0.118862,0.400000,0.400000 
27/02/2012 15:00,734926.625000,26.625000,1,1,1,0.028734,0.043519,0.118474,0.400000,0.400000 
27/02/2012 16:00,734926.666667,26.666667,1,1,1,0.028717,0.043484,0.118090,0.400000,0.400000 
27/02/2012 17:00,734926.708333,26.708333,1,1,1,0.028700,0.043448,0.117709,0.400000,0.400000 
27/02/2012 18:00,734926.750000,26.750000,1,1,1,0.028683,0.043413,0.117331,0.400000,0.400000 
27/02/2012 19:00,734926.791667,26.791667,1,1,1,0.028667,0.043378,0.116956,0.400000,0.400000 
27/02/2012 20:00,734926.833333,26.833333,1,1,1,0.028650,0.043343,0.116584,0.400000,0.400000 
27/02/2012 21:00,734926.875000,26.875000,1,1,1,0.028633,0.043307,0.116215,0.400000,0.400000 
27/02/2012 22:00,734926.916667,26.916667,1,1,1,0.028616,0.043272,0.115849,0.400000,0.400000 
27/02/2012 23:00,734926.958333,26.958333,1,1,1,0.028600,0.043237,0.115486,0.400000,0.400000 
28/02/2012 00:00,734927.000000,27.000000,1,1,1,0.028583,0.043202,0.115126,0.400000,0.400000 
28/02/2012 01:00,734927.041667,27.041667,1,1,1,0.028566,0.043168,0.114769,0.400000,0.400000 
28/02/2012 02:00,734927.083333,27.083333,1,1,1,0.028550,0.043133,0.114415,0.400000,0.400000 
28/02/2012 03:00,734927.125000,27.125000,1,1,1,0.028533,0.043098,0.114063,0.400000,0.400000 
28/02/2012 04:00,734927.166667,27.166667,1,1,1,0.028517,0.043063,0.113715,0.400000,0.400000 
28/02/2012 05:00,734927.208333,27.208333,1,1,1,0.028500,0.043029,0.113369,0.400000,0.400000 
28/02/2012 06:00,734927.250000,27.250000,1,1,1,0.028483,0.042994,0.113025,0.400000,0.400000 
28/02/2012 07:00,734927.291667,27.291667,1,1,1,0.028467,0.042960,0.112685,0.400000,0.400000 
28/02/2012 08:00,734927.333333,27.333333,1,1,1,0.028451,0.042926,0.112346,0.400000,0.400000 
28/02/2012 09:00,734927.375000,27.375000,1,1,1,0.028434,0.042891,0.112011,0.400000,0.400000 
28/02/2012 10:00,734927.416667,27.416667,1,1,1,0.028418,0.042857,0.111678,0.400000,0.400000 
28/02/2012 11:00,734927.458333,27.458333,1,1,1,0.028401,0.042823,0.111348,0.400000,0.400000 
28/02/2012 12:00,734927.500000,27.500000,1,1,1,0.028385,0.042789,0.111020,0.400000,0.400000 
28/02/2012 13:00,734927.541667,27.541667,1,1,1,0.028369,0.042755,0.110694,0.400000,0.400000 
28/02/2012 14:00,734927.583333,27.583333,1,1,1,0.028353,0.042721,0.110372,0.400000,0.400000 
28/02/2012 15:00,734927.625000,27.625000,1,1,1,0.028336,0.042687,0.110051,0.400000,0.400000 
28/02/2012 16:00,734927.666667,27.666667,1,1,1,0.028320,0.042653,0.109733,0.400000,0.400000 
28/02/2012 17:00,734927.708333,27.708333,1,1,1,0.028304,0.042619,0.109417,0.400000,0.400000 
28/02/2012 18:00,734927.750000,27.750000,1,1,1,0.028288,0.042585,0.109104,0.400000,0.400000 
28/02/2012 19:00,734927.791667,27.791667,1,1,1,0.028272,0.042552,0.108792,0.400000,0.400000 
28/02/2012 20:00,734927.833333,27.833333,1,1,1,0.028256,0.042518,0.108483,0.400000,0.400000 
28/02/2012 21:00,734927.875000,27.875000,1,1,1,0.028240,0.042485,0.108177,0.400000,0.400000 
28/02/2012 22:00,734927.916667,27.916667,1,1,1,0.028224,0.042451,0.107872,0.400000,0.400000 
28/02/2012 23:00,734927.958333,27.958333,1,1,1,0.028208,0.042418,0.107570,0.400000,0.400000 
29/02/2012 00:00,734928.000000,28.000000,1,1,1,0.028192,0.042385,0.107270,0.400000,0.400000 
29/02/2012 01:00,734928.041667,28.041667,1,1,1,0.028176,0.042351,0.106972,0.400000,0.400000 
29/02/2012 02:00,734928.083333,28.083333,1,1,1,0.028160,0.042318,0.106676,0.400000,0.400000 
29/02/2012 03:00,734928.125000,28.125000,1,1,1,0.028144,0.042285,0.106382,0.400000,0.400000 
29/02/2012 04:00,734928.166667,28.166667,1,1,1,0.028128,0.042252,0.106090,0.400000,0.400000 
29/02/2012 05:00,734928.208333,28.208333,1,1,1,0.028112,0.042219,0.105801,0.400000,0.400000 
29/02/2012 06:00,734928.250000,28.250000,1,1,1,0.028097,0.042186,0.105513,0.400000,0.400000 
29/02/2012 07:00,734928.291667,28.291667,1,1,1,0.028081,0.042153,0.105227,0.400000,0.400000 
29/02/2012 08:00,734928.333333,28.333333,1,1,1,0.028065,0.042121,0.104943,0.400000,0.400000 
29/02/2012 09:00,734928.375000,28.375000,1,1,1,0.028049,0.042088,0.104662,0.400000,0.400000 
29/02/2012 10:00,734928.416667,28.416667,1,1,1,0.028034,0.042055,0.104382,0.400000,0.400000 
29/02/2012 11:00,734928.458333,28.458333,1,1,1,0.028018,0.042023,0.104104,0.400000,0.400000 
29/02/2012 12:00,734928.500000,28.500000,1,1,1,0.028002,0.041990,0.103828,0.400000,0.400000 
29/02/2012 13:00,734928.541667,28.541667,1,1,1,0.027987,0.041958,0.103553,0.400000,0.400000 
29/02/2012 14:00,734928.583333,28.583333,1,1,1,0.027971,0.041926,0.103281,0.400000,0.400000 
29/02/2012 15:00,734928.625000,28.625000,1,1,1,0.027956,0.041893,0.103011,0.400000,0.400000 
29/02/2012 16:00,734928.666667,28.666667,1,1,1,0.027940,0.041861,0.102742,0.400000,0.400000 
29/02/2012 17:00,734928.708333,28.708333,1,1,1,0.027925,0.041829,0.102475,0.400000,0.400000 
29/02/2012 18:00,734928.750000,28.750000,1,1,1,0.027909,0.041797,0.102210,0.400000,0.400000 
29/02/2012 19:00,734928.791667,28.791667,1,1,1,0.027894,0.041765,0.101946,0.400000,0.400000 
29/02/2012 20:00,734928.833333,28.833333,1,1,1,0.027878,0.041733,0.101685,0.400000,0.400000 
29/02/2012 21:00,734928.875000,28.875000,1,1,1,0.027863,0.041701,0.101425,0.400000,0.400000 
29/02/2012 22:00,734928.916667,28.916667,1,1,1,0.027848,0.041669,0.101167,0.400000,0.400000 
29/02/2012 23:00,734928.958333,28.958333,1,1,1,0.027832,0.041637,0.100910,0.400000,0.400000 
01/03/2012 00:00,734929.000000,29.000000,1,1,1,0.027817,0.041606,0.100655,0.400000,0.400000 
